1.03153 513
1.06844 1049
1.30535 1585
1.31715 2121
1.35405 2657
1.36585 3193
1.37765 3729
1.40276 4265
1.41456 4801
1.42636 5337
1.43966 5873
1.45146 6409
1.46326 6945
1.47506 7481
1.48686 8017
1.49866 8553
1.51046 9089
1.52226 9625
1.53406 10161
1.56946 10697
1.58126 11233
1.59306 11769
1.60486 12305
1.61666 12841
1.62846 13377
1.64026 13913
1.65206 14449
1.66386 14985
1.71106 15521
1.72286 16057
1.73466 16593
1.74646 17129
1.75826 17665
1.77006 18201
1.78186 18737
1.79366 19273
1.80546 19809
1.81726 20345
1.82906 20881
1.84086 21417
1.85266 21953
1.86446 22489
1.87626 23025
1.92346 23561
1.93526 24097
1.94706 24633
1.95886 25169
1.97066 25705
1.98246 26241
1.99426 26777
2.00606 27313
2.01786 27849
2.02966 28385
2.04146 28921
2.05326 29457
2.06506 29993
2.07686 30529
2.08866 31065
2.10046 31601
2.11226 32137
2.12406 32673
2.13586 33209
2.14766 33745
2.15946 34281
2.24206 34817
2.25386 35353
2.26566 35889
2.27746 36425
2.28926 36961
2.30106 37497
2.31286 38033
2.32466 38569
2.33646 39105
2.34826 39641
2.36006 40177
2.37186 40713
2.38366 41249
2.39546 41785
2.40726 42321
2.41906 42857
2.43086 43393
2.44266 43929
2.45446 44465
2.46626 45001
2.47806 45537
2.48986 46073
2.50166 46609
2.51346 47145
2.52526 47681
2.53706 48217
2.54886 48753
2.56066 49289
2.57246 49825
2.58426 50361
2.59606 50897
2.60786 51433
2.61966 51969
2.73766 52505
2.74946 53041
2.76126 53577
2.77306 54113
2.78486 54649
2.79666 55185
2.80846 55721
2.82026 56257
2.83206 56793
2.84386 57329
2.85566 57865
2.86746 58401
2.87926 58937
2.89106 59473
2.90286 60009
2.91466 60545
2.92646 61081
2.93826 61617
2.95006 62153
2.95738 62465
3.1693 62977
3.18062 63489
3.22734 64001
3.23866 64513
3.24998 65025
3.2967 65537
3.30802 66049
3.35474 66561
3.36606 67073
3.37738 67585
3.4241 68097
3.43542 68609
3.44674 69121
3.49346 69633
3.50478 70145
3.5161 70657
3.56282 71169
3.57414 71681
3.58546 72193
3.63218 72705
3.6435 73217
3.65482 73729
3.66614 74241
3.67746 74753
3.68878 75265
3.7355 75777
3.74682 76289
3.75814 76801
3.80486 77313
3.81618 77825
3.8275 78337
3.83882 78849
3.85014 79361
3.86146 79873
3.87278 80385
3.9195 80897
3.93082 81409
3.94214 81921
3.95346 82433
3.96478 82945
4.0115 83457
4.02282 83969
4.03414 84481
4.08086 84993
4.09218 85505
4.1035 86017
4.11482 86529
4.12614 87041
4.13746 87553
4.14878 88065
4.1955 88577
4.20682 89089
4.21814 89601
4.22946 90113
4.24078 90625
4.2521 91137
4.26342 91649
4.31014 92161
4.32146 92673
4.33278 93185
4.3795 93697
4.39082 94209
4.40214 94721
4.41346 95233
4.42478 95745
4.4361 96257
4.44742 96769
4.49414 97281
4.50546 97793
4.51678 98305
4.5281 98817
4.53942 99329
4.55074 99841
4.56206 100353
4.60878 100865
4.6201 101377
4.63142 101889
4.67814 102401
4.68946 102913
4.70078 103425
4.7121 103937
4.72342 104449
4.73474 104961
4.74606 105473
4.75738 105985
4.7687 106497
4.78002 107009
4.79134 107521
4.83806 108033
4.84938 108545
4.8607 109057
4.87202 109569
4.88334 110081
4.89466 110593
4.90598 111105
4.9527 111617
4.96402 112129
4.97534 112641
4.98666 113153
5.03338 113665
5.0447 114177
5.05602 114689
5.06734 115201
5.07866 115713
5.12538 116225
6.15878 116737
6.15878 117249
6.15878 117761
6.15878 118273
6.15878 118785
6.15878 119297
7.0905 119809
7.0905 120321
7.0905 120833
7.10182 121345
7.10182 121857
7.10182 122369
7.10182 122881
7.11314 123393
7.11314 123905
7.11314 124417
7.11314 124929
7.11314 125441
7.11314 125953
7.11314 126465
7.11314 126977
7.11314 127489
7.11314 128001
7.11314 128513
7.11314 129025
7.11314 129537
7.11314 130049
7.11314 130561
7.11314 131073
7.11314 131585
7.11314 132097
7.11314 132609
7.11314 133121
7.11314 133633
7.11314 134145
7.11314 134657
7.11314 135169
7.11314 135681
7.12494 136217
7.13674 136753
7.14854 137289
7.16034 137825
7.17214 138361
7.21934 138897
7.23114 139433
7.24294 139969
7.25474 140505
7.26654 141041
7.27834 141577
7.29014 142113
7.31326 142649
8.32758 143185
8.3507 143721
8.3625 144257
8.3743 144793
8.4215 145329
8.4333 145865
8.47586 146401
8.48766 146937
8.49946 147473
8.54522 148009
8.55702 148545
9.30722 149081
9.30722 149617
9.30722 150153
9.30722 150689
9.30722 151225
9.30722 151761
9.30722 152297
9.30722 152833
9.30722 153369
9.30722 153905
9.30722 154441
9.30722 154977
9.30722 155513
9.30722 156049
9.30722 156585
9.30722 157121
9.30722 157657
9.30722 158193
9.30722 158729
10.1222 159265
10.2048 159801
10.2166 160337
10.2284 160873
10.2638 161409
10.2756 161945
10.2874 162481
11.3728 163017
11.3846 163553
11.3964 164089
11.4082 164625
11.4318 165161
11.4436 165697
11.5493 166233
11.5611 166769
12.0567 167305
12.0685 167841
12.0803 168377
12.0921 168913
12.1039 169449
12.1157 169985
12.1275 170521
12.1393 171057
12.3871 171593
12.3989 172129
12.4107 172665
12.4225 173201
12.4343 173737
12.4461 174273
12.4579 174809
12.4697 175345
12.8355 175881
12.8473 176417
12.8591 176953
12.8709 177489
12.8827 178025
12.8945 178561
12.9063 179097
12.9181 179633
12.9299 180169
13.3311 180705
13.3429 181241
13.3547 181777
13.3665 182313
13.3783 182849
13.3901 183385
13.4019 183921
13.4137 184457
13.6143 184993
13.8149 185529
13.8267 186065
13.8385 186601
13.8503 187137
13.8621 187673
13.8739 188209
13.8857 188745
13.8975 189281
13.9093 189817
14.3105 190353
14.3223 190889
14.3341 191425
14.3459 191961
14.3577 192497
14.3695 193033
14.3813 193569
14.3931 194105
14.4049 194641
14.6055 195177
14.8297 195713
14.8415 196249
14.8533 196785
14.8651 197321
14.8769 197857
14.8887 198393
14.9005 198929
14.9123 199465
14.9241 200001
15.1247 200537
15.3371 201073
15.3725 201609
15.3843 202145
15.3961 202681
15.4079 203217
15.4197 203753
15.4315 204289
15.4433 204825
15.4551 205361
15.6557 205897
15.8563 206433
15.8917 206969
15.9035 207505
15.9153 208041
15.9271 208577
15.9389 209113
15.9507 209649
15.9625 210185
15.9743 210721
15.9861 211257
16.1867 211793
16.3991 212329
16.4345 212865
16.4463 213401
16.4581 213937
16.4699 214473
16.4817 215009
16.4935 215545
16.5053 216081
16.5171 216617
16.5289 217153
16.5407 217689
16.9301 218225
16.9891 218761
17.0009 219297
17.0127 219833
17.0245 220369
17.0363 220905
17.0481 221441
17.0599 221977
17.0717 222513
17.0835 223049
17.0953 223585
17.1071 224121
17.3077 224657
17.5673 225193
17.5791 225729
17.5909 226265
17.6027 226801
17.6145 227337
17.6263 227873
17.6381 228409
17.6499 228945
17.6617 229481
17.6735 230017
17.6853 230553
17.6971 231089
18.0865 231625
18.1455 232161
18.1573 232697
18.1691 233233
18.1809 233769
18.1927 234305
18.2045 234841
18.2163 235377
18.2281 235913
18.2399 236449
18.2517 236985
18.2635 237521
18.2753 238057
18.2871 238593
18.7355 239129
18.7473 239665
18.7591 240201
18.7709 240737
18.7827 241273
18.7945 241809
18.8063 242345
18.8181 242881
18.8299 243417
18.8417 243953
18.8535 244489
18.8653 245025
18.8771 245561
18.8889 246097
19.3491 246633
19.3609 247169
19.3727 247705
19.3845 248241
19.3963 248777
19.4081 249313
19.4199 249849
19.4317 250385
19.4435 250921
19.4553 251457
19.4671 251993
19.4789 252529
19.4907 253065
19.5025 253601
19.5143 254137
19.9745 254673
19.9863 255209
19.9981 255745
20.0099 256281
20.0217 256817
20.0335 257353
20.0453 257889
20.0571 258425
20.0689 258961
20.0807 259497
20.0925 260033
20.1043 260569
20.1161 261105
20.1279 261641
20.3403 262177
20.6117 262713
20.6235 263249
20.6353 263785
20.6471 264321
20.6589 264857
20.6707 265393
20.6825 265929
20.6943 266465
20.7061 267001
20.7179 267537
20.7297 268073
20.7415 268609
20.7533 269145
20.7651 269681
20.7769 270217
21.1663 270753
21.2489 271289
21.2607 271825
21.2725 272361
21.2843 272897
21.2961 273433
21.3079 273969
21.3197 274505
21.3315 275041
21.3433 275577
21.3551 276113
21.3669 276649
21.3787 277185
21.3905 277721
21.4023 278257
21.6147 278793
21.8861 279329
21.8979 279865
21.9097 280401
21.9215 280937
21.9333 281473
21.9451 282009
21.9569 282545
21.9687 283081
21.9805 283617
21.9923 284153
22.0041 284689
22.0159 285225
22.0277 285761
22.0395 286297
22.0513 286833
22.2519 287369
22.4761 287905
22.5587 288441
22.5705 288977
22.5823 289513
22.5941 290049
22.6059 290585
22.6177 291121
22.6295 291657
22.6413 292193
22.6531 292729
22.6649 293265
22.6767 293801
22.6885 294337
22.7003 294873
22.7121 295409
22.9245 295945
23.1251 296481
23.2313 297017
23.2431 297553
23.2549 298089
23.2667 298625
23.2785 299161
23.2903 299697
23.3021 300233
23.3139 300769
23.3257 301305
23.3375 301841
23.3493 302377
23.3611 302913
23.3729 303449
23.3847 303985
23.3965 304521
23.5971 305057
23.7977 305593
23.9039 306129
23.9157 306665
23.9275 307201
23.9393 307737
23.9511 308273
23.9629 308809
23.9747 309345
23.9865 309881
23.9983 310417
24.0101 310953
24.0219 311489
24.0337 312025
24.0455 312561
24.0573 313097
24.0691 313633
24.0809 314169
24.4821 314705
24.5883 315241
24.6001 315777
24.6119 316313
24.6237 316849
24.6355 317385
24.6473 317921
24.6591 318457
24.6709 318993
24.6827 319529
24.6945 320065
24.7063 320601
24.7181 321137
24.7299 321673
24.7417 322209
24.7535 322745
24.7653 323281
24.7771 323817
24.9895 324353
25.2845 324889
25.2963 325425
25.3081 325961
25.3199 326497
25.3317 327033
25.3435 327569
25.3553 328105
25.3671 328641
25.3789 329177
25.3907 329713
25.4025 330249
25.4143 330785
25.4261 331321
25.4379 331857
25.4497 332393
25.4615 332929
25.4851 333465
25.4969 334001
25.8981 334537
26.0043 335073
26.0161 335609
26.0279 336145
26.0397 336681
26.0515 337217
26.0633 337753
26.0751 338289
26.0869 338825
26.0987 339361
26.1105 339897
26.1223 340433
26.1341 340969
26.1459 341505
26.1577 342041
26.1695 342577
26.1813 343113
26.1931 343649
26.2167 344185
26.2285 344721
26.7359 345257
26.7477 345793
26.7595 346329
26.7713 346865
26.7831 347401
26.7949 347937
26.8067 348473
26.8185 349009
26.8303 349545
26.8421 350081
26.8539 350617
26.8657 351153
26.8775 351689
26.8893 352225
26.9011 352761
26.9129 353297
26.9247 353833
26.9365 354369
26.9483 354905
26.9601 355441
27.4793 355977
27.4911 356513
27.5029 357049
27.5147 357585
27.5265 358121
27.5383 358657
27.5501 359193
27.5619 359729
27.5737 360265
27.5855 360801
27.5973 361337
27.6091 361873
27.6209 362409
27.6327 362945
27.6445 363481
27.6563 364017
27.6799 364553
27.6917 365089
27.7035 365625
27.7153 366161
27.7271 366697
28.2345 367233
28.2463 367769
28.2581 368305
28.2699 368841
28.2817 369377
28.2935 369913
28.3053 370449
28.3171 370985
28.3289 371521
28.3407 372057
28.3525 372593
28.3643 373129
28.3761 373665
28.3879 374201
28.3997 374737
28.4115 375273
28.4351 375809
28.4469 376345
28.4587 376881
28.4705 377417
28.6711 377953
29.0015 378489
29.0133 379025
29.0251 379561
29.0369 380097
29.0487 380633
29.0605 381169
29.0723 381705
29.0841 382241
29.0959 382777
29.1077 383313
29.1195 383849
29.1313 384385
29.1431 384921
29.1549 385457
29.1667 385993
29.1785 386529
29.2021 387065
29.2139 387601
29.2257 388137
29.2375 388673
29.2493 389209
29.6387 389745
29.7921 390281
29.8039 390817
29.8157 391353
29.8275 391889
29.8393 392425
29.8511 392961
29.8629 393497
29.8747 394033
29.8865 394569
29.8983 395105
29.9101 395641
29.9219 396177
29.9337 396713
29.9455 397249
29.9573 397785
29.9691 398321
29.9809 398857
29.9927 399393
30.0045 399929
30.0163 400465
30.2169 401001
30.5709 401537
30.5827 402073
30.5945 402609
30.6063 403145
30.6181 403681
30.6299 404217
30.6417 404753
30.6535 405289
30.6653 405825
30.6771 406361
30.6889 406897
30.7007 407433
30.7125 407969
30.7243 408505
30.7361 409041
30.7479 409577
30.7715 410113
30.7833 410649
30.7951 411185
30.8069 411721
31.0075 412257
31.0193 412793
31.2199 413329
31.3733 413865
31.3851 414401
31.3969 414937
31.4087 415473
31.4205 416009
31.4323 416545
31.4441 417081
31.4559 417617
31.4677 418153
31.4795 418689
31.4913 419225
31.5031 419761
31.5149 420297
31.5267 420833
31.5385 421369
31.5503 421905
31.5739 422441
31.5857 422977
31.5975 423513
31.6093 424049
31.8099 424585
31.8217 425121
32.1639 425657
32.1757 426193
32.1875 426729
32.1993 427265
32.2111 427801
32.2229 428337
32.2347 428873
32.2465 429409
32.2583 429945
32.2701 430481
32.2819 431017
32.2937 431553
32.3055 432089
32.3173 432625
32.3291 433161
32.3409 433697
32.3645 434233
32.3763 434769
32.3881 435305
32.3999 435841
32.6123 436377
32.6241 436913
32.6359 437449
32.6477 437985
32.9899 438521
33.0017 439057
33.0135 439593
33.0253 440129
33.0371 440665
33.0489 441201
33.0607 441737
33.0725 442273
33.0843 442809
33.0961 443345
33.1079 443881
33.1197 444417
33.1315 444953
33.1433 445489
33.1551 446025
33.1669 446561
33.1905 447097
33.2023 447633
33.2141 448169
33.2259 448705
33.4501 449241
33.4619 449777
33.4737 450313
33.4855 450849
33.8277 451385
33.8395 451921
33.8513 452457
33.8631 452993
33.8749 453529
33.8867 454065
33.8985 454601
33.9103 455137
33.9221 455673
33.9339 456209
33.9457 456745
33.9575 457281
33.9693 457817
33.9811 458353
33.9929 458889
34.0047 459425
34.0165 459961
34.0283 460497
34.0401 461033
34.0519 461569
34.2879 462105
34.2997 462641
34.3115 463177
34.3233 463713
34.6655 464249
34.6773 464785
34.6891 465321
34.7009 465857
34.7127 466393
34.7245 466929
34.7363 467465
34.7481 468001
34.7599 468537
34.7717 469073
34.7835 469609
34.7953 470145
34.8071 470681
34.8189 471217
34.8307 471753
34.8425 472289
34.8543 472825
34.8779 473361
34.8897 473897
34.9015 474433
34.9133 474969
35.1375 475505
35.1493 476041
35.1611 476577
35.1729 477113
35.5151 477649
35.5269 478185
35.5387 478721
35.5505 479257
35.5623 479793
35.5741 480329
35.5859 480865
35.5977 481401
35.6095 481937
35.6213 482473
35.6331 483009
35.6449 483545
35.6567 484081
35.6685 484617
35.6803 485153
35.6921 485689
35.7157 486225
35.7275 486761
35.7393 487297
35.7511 487833
35.9635 488369
35.9989 488905
36.0107 489441
36.0225 489977
36.0343 490513
36.3765 491049
36.3883 491585
36.4001 492121
36.4119 492657
36.4237 493193
36.4355 493729
36.4473 494265
36.4591 494801
36.4709 495337
36.4827 495873
36.4945 496409
36.5063 496945
36.5181 497481
36.5299 498017
36.5417 498553
36.5535 499089
36.5653 499625
36.5889 500161
36.6007 500697
36.6125 501233
36.6243 501769
36.8721 502305
36.8839 502841
36.8957 503377
36.9075 503913
37.1081 504449
37.2615 504985
37.2733 505521
37.2851 506057
37.2969 506593
37.3087 507129
37.3205 507665
37.3323 508201
37.3441 508737
37.3559 509273
37.3677 509809
37.3795 510345
37.3913 510881
37.4031 511417
37.4149 511953
37.4267 512489
37.4385 513025
37.4503 513561
37.4621 514097
37.4739 514633
37.4857 515169
37.6863 515705
37.7453 516241
37.7571 516777
37.7689 517313
37.7807 517849
38.1347 518385
38.1465 518921
38.1583 519457
38.1701 519993
38.1819 520529
38.1937 521065
38.2055 521601
38.2173 522137
38.2291 522673
38.2409 523209
38.2527 523745
38.2645 524281
38.2763 524817
38.2881 525353
38.2999 525889
38.3117 526425
38.3235 526961
38.3471 527497
38.3589 528033
38.3707 528569
38.3825 529105
38.5831 529641
38.6421 530177
38.6539 530713
38.6657 531249
38.6775 531785
38.8781 532321
39.0315 532857
39.0433 533393
39.0551 533929
39.0669 534465
39.0787 535001
39.0905 535537
39.1023 536073
39.1141 536609
39.1259 537145
39.1377 537681
39.1495 538217
39.1613 538753
39.1731 539289
39.1849 539825
39.1967 540361
39.2085 540897
39.2321 541433
39.2439 541969
39.2557 542505
39.2675 543041
39.4681 543577
39.5271 544113
39.5389 544649
39.5507 545185
39.5625 545721
39.7749 546257
39.9283 546793
39.9401 547329
39.9519 547865
39.9637 548401
39.9755 548937
39.9873 549473
39.9991 550009
40.0109 550545
40.0227 551081
40.0345 551617
40.0463 552153
40.0581 552689
40.0699 553225
40.0817 553761
40.0935 554297
40.1053 554833
40.1171 555369
40.1407 555905
40.1525 556441
40.1643 556977
40.1761 557513
40.3767 558049
40.4357 558585
40.4475 559121
40.4593 559657
40.4711 560193
40.6717 560729
40.8487 561265
40.8605 561801
40.8723 562337
40.8841 562873
40.8959 563409
40.9077 563945
40.9195 564481
40.9313 565017
40.9431 565553
40.9549 566089
40.9667 566625
40.9785 567161
40.9903 567697
41.0021 568233
41.0139 568769
41.0257 569305
41.0375 569841
41.0493 570377
41.0611 570913
41.0729 571449
41.0847 571985
41.0965 572521
41.3443 573057
41.3561 573593
41.3679 574129
41.3797 574665
41.5803 575201
41.7691 575737
41.7809 576273
41.7927 576809
41.8045 577345
41.8163 577881
41.8281 578417
41.8399 578953
41.8517 579489
41.8635 580025
41.8753 580561
41.8871 581097
41.8989 581633
41.9107 582169
41.9225 582705
41.9343 583241
41.9461 583777
41.9579 584313
41.9815 584849
41.9933 585385
42.0051 585921
42.0169 586457
42.0287 586993
42.0405 587529
42.2411 588065
42.3001 588601
42.3119 589137
42.3237 589673
42.3355 590209
42.7013 590745
42.7131 591281
42.7249 591817
42.7367 592353
42.7485 592889
42.7603 593425
42.7721 593961
42.7839 594497
42.7957 595033
42.8075 595569
42.8193 596105
42.8311 596641
42.8429 597177
42.8547 597713
42.8665 598249
42.8783 598785
42.9019 599321
42.9137 599857
42.9255 600393
42.9373 600929
42.9491 601465
42.9609 602001
42.9727 602537
42.9845 603073
43.2323 603609
43.2441 604145
43.2559 604681
43.2677 605217
43.4683 605753
43.6571 606289
43.6689 606825
43.6807 607361
43.6925 607897
43.7043 608433
43.7161 608969
43.7279 609505
43.7397 610041
43.7515 610577
43.7633 611113
43.7751 611649
43.7869 612185
43.7987 612721
43.8105 613257
43.8223 613793
43.8341 614329
43.8459 614865
43.8695 615401
43.8813 615937
43.8931 616473
43.9049 617009
43.9167 617545
43.9285 618081
43.9403 618617
43.9521 619153
44.1999 619689
44.2117 620225
44.2235 620761
44.2353 621297
44.6247 621833
44.6365 622369
44.6483 622905
44.6601 623441
44.6719 623977
44.6837 624513
44.6955 625049
44.7073 625585
44.7191 626121
44.7309 626657
44.7427 627193
44.7545 627729
44.7663 628265
44.7781 628801
44.7899 629337
44.8017 629873
44.8135 630409
44.8253 630945
44.8371 631481
44.8489 632017
44.8607 632553
44.8725 633089
44.8843 633625
44.8961 634161
44.9079 634697
44.9197 635233
45.1675 635769
45.1793 636305
45.1911 636841
45.2029 637377
45.6041 637913
45.6159 638449
45.6277 638985
45.6395 639521
45.6513 640057
45.6631 640593
45.6749 641129
45.6867 641665
45.6985 642201
45.7103 642737
45.7221 643273
45.7339 643809
45.7457 644345
45.7575 644881
45.7693 645417
45.7811 645953
45.8047 646489
45.8165 647025
45.8283 647561
45.8401 648097
45.8519 648633
45.8637 649169
45.8755 649705
45.8873 650241
45.8991 650777
45.9109 651313
45.9227 651849
46.1705 652385
46.1823 652921
46.1941 653457
46.2059 653993
46.5953 654529
46.6071 655065
46.6189 655601
46.6307 656137
46.6425 656673
46.6543 657209
46.6661 657745
46.6779 658281
46.6897 658817
46.7015 659353
46.7133 659889
46.7251 660425
46.7369 660961
46.7487 661497
46.7605 662033
46.7723 662569
46.7959 663105
46.8077 663641
46.8195 664177
46.8313 664713
46.8431 665249
46.8549 665785
46.8667 666321
46.8785 666857
46.8903 667393
46.9021 667929
47.1027 668465
47.1617 669001
47.1735 669537
47.1853 670073
47.1971 670609
47.5865 671145
47.5983 671681
47.6101 672217
47.6219 672753
47.6337 673289
47.6455 673825
47.6573 674361
47.6691 674897
47.6809 675433
47.6927 675969
47.7045 676505
47.7163 677041
47.7281 677577
47.7399 678113
47.7517 678649
47.7635 679185
47.7871 679721
47.7989 680257
47.8107 680793
47.8225 681329
47.8343 681865
47.8461 682401
47.8579 682937
47.8697 683473
47.8815 684009
47.8933 684545
47.9051 685081
48.1647 685617
48.1765 686153
48.1883 686689
48.2001 687225
48.4007 687761
48.6013 688297
48.6131 688833
48.6249 689369
48.6367 689905
48.6485 690441
48.6603 690977
48.6721 691513
48.6839 692049
48.6957 692585
48.7075 693121
48.7193 693657
48.7311 694193
48.7429 694729
48.7547 695265
48.7665 695801
48.7783 696337
48.8019 696873
48.8137 697409
48.8255 697945
48.8373 698481
48.8491 699017
48.8609 699553
48.8727 700089
48.8845 700625
48.8963 701161
48.9081 701697
49.1087 702233
49.1913 702769
49.2031 703305
49.2149 703841
49.2267 704377
49.6161 704913
49.6279 705449
49.6397 705985
49.6515 706521
49.6633 707057
49.6751 707593
49.6869 708129
49.6987 708665
49.7105 709201
49.7223 709737
49.7341 710273
49.7459 710809
49.7577 711345
49.7695 711881
49.7813 712417
49.7931 712953
49.8049 713489
49.8167 714025
49.8285 714561
49.8403 715097
49.8521 715633
49.8639 716169
49.8757 716705
49.8875 717241
49.8993 717777
49.9111 718313
49.9229 718849
49.9347 719385
50.2179 719921
50.2297 720457
50.2415 720993
50.2533 721529
50.4539 722065
50.6545 722601
50.6663 723137
50.6781 723673
50.6899 724209
50.7017 724745
50.7135 725281
50.7253 725817
50.7371 726353
50.7489 726889
50.7607 727425
50.7725 727961
50.7843 728497
50.7961 729033
50.8079 729569
50.8197 730105
50.8315 730641
50.8551 731177
50.8669 731713
50.8787 732249
50.8905 732785
50.9023 733321
50.9141 733857
50.9259 734393
50.9377 734929
50.9495 735465
50.9613 736001
50.9731 736537
50.9849 737073
51.2563 737609
51.2681 738145
51.2799 738681
51.2917 739217
51.6811 739753
51.6929 740289
51.7047 740825
51.7165 741361
51.7283 741897
51.7401 742433
51.7519 742969
51.7637 743505
51.7755 744041
51.7873 744577
51.7991 745113
51.8109 745649
51.8227 746185
51.8345 746721
51.8463 747257
51.8581 747793
51.8699 748329
51.8935 748865
51.9053 749401
51.9171 749937
51.9289 750473
51.9407 751009
51.9525 751545
51.9643 752081
51.9761 752617
51.9879 753153
51.9997 753689
52.0115 754225
52.0233 754761
52.0351 755297
52.3065 755833
52.3183 756369
52.3301 756905
52.3419 757441
52.7431 757977
52.7549 758513
52.7667 759049
52.7785 759585
52.7903 760121
52.8021 760657
52.8139 761193
52.8257 761729
52.8375 762265
52.8493 762801
52.8611 763337
52.8729 763873
52.8847 764409
52.8965 764945
52.9083 765481
52.9201 766017
52.9437 766553
52.9555 767089
52.9673 767625
52.9791 768161
52.9909 768697
53.0027 769233
53.0145 769769
53.0263 770305
53.0381 770841
53.0499 771377
53.0617 771913
53.0735 772449
53.0853 772985
53.0971 773521
53.3685 774057
53.3803 774593
53.3921 775129
53.4039 775665
53.8169 776201
53.8287 776737
53.8405 777273
53.8523 777809
53.8641 778345
53.8759 778881
53.8877 779417
53.8995 779953
53.9113 780489
53.9231 781025
53.9349 781561
53.9467 782097
53.9585 782633
53.9703 783169
53.9821 783705
53.9939 784241
54.0057 784777
54.0175 785313
54.0293 785849
54.0411 786385
54.0529 786921
54.0647 787457
54.0765 787993
54.0883 788529
54.1001 789065
54.1119 789601
54.1237 790137
54.1355 790673
54.1473 791209
54.1591 791745
54.1709 792281
54.4423 792817
54.4541 793353
54.4659 793889
54.4777 794425
54.9025 794961
54.9143 795497
54.9261 796033
54.9379 796569
54.9497 797105
54.9615 797641
54.9733 798177
54.9851 798713
54.9969 799249
55.0087 799785
55.0205 800321
55.0323 800857
55.0441 801393
55.0559 801929
55.0677 802465
55.0795 803001
55.1031 803537
55.1149 804073
55.1267 804609
55.1385 805145
55.1503 805681
55.1621 806217
55.1739 806753
55.1857 807289
55.1975 807825
55.2093 808361
55.2211 808897
55.2329 809433
55.2447 809969
55.2565 810505
55.4571 811041
55.5397 811577
55.5515 812113
55.5633 812649
55.5751 813185
55.9881 813721
55.9999 814257
56.0117 814793
56.0235 815329
56.0353 815865
56.0471 816401
56.0589 816937
56.0707 817473
56.0825 818009
56.0943 818545
56.1061 819081
56.1179 819617
56.1297 820153
56.1415 820689
56.1533 821225
56.1651 821761
56.1887 822297
56.2005 822833
56.2123 823369
56.2241 823905
56.2359 824441
56.2477 824977
56.2595 825513
56.2713 826049
56.2831 826585
56.2949 827121
56.3067 827657
56.3185 828193
56.3303 828729
56.3421 829265
56.6135 829801
56.6253 830337
56.6371 830873
56.6489 831409
56.6607 831945
56.8731 832481
57.0973 833017
57.1091 833553
57.1209 834089
57.1327 834625
57.1445 835161
57.1563 835697
57.1681 836233
57.1799 836769
57.1917 837305
57.2035 837841
57.2153 838377
57.2271 838913
57.2389 839449
57.2507 839985
57.2625 840521
57.2743 841057
57.2979 841593
57.3097 842129
57.3215 842665
57.3333 843201
57.3451 843737
57.3569 844273
57.3687 844809
57.3805 845345
57.3923 845881
57.4041 846417
57.4159 846953
57.4277 847489
57.4395 848025
57.4513 848561
57.7227 849097
57.7345 849633
57.7463 850169
57.7581 850705
57.9587 851241
58.1829 851777
58.2183 852313
58.2301 852849
58.2419 853385
58.2537 853921
58.2655 854457
58.2773 854993
58.2891 855529
58.3009 856065
58.3127 856601
58.3245 857137
58.3363 857673
58.3481 858209
58.3599 858745
58.3717 859281
58.3835 859817
58.3953 860353
58.4071 860889
58.4189 861425
58.4307 861961
58.4425 862497
58.4543 863033
58.4661 863569
58.4779 864105
58.4897 864641
58.5015 865177
58.5133 865713
58.5251 866249
58.5369 866785
58.5487 867321
58.5605 867857
58.8319 868393
58.8437 868929
58.8555 869465
58.8673 870001
59.2685 870537
59.2803 871073
59.3393 871609
59.3511 872145
59.3629 872681
59.3747 873217
59.3865 873753
59.3983 874289
59.4101 874825
59.4219 875361
59.4337 875897
59.4455 876433
59.4573 876969
59.4691 877505
59.4809 878041
59.4927 878577
59.5045 879113
59.5163 879649
59.5399 880185
59.5517 880721
59.5635 881257
59.5753 881793
59.5871 882329
59.5989 882865
59.6107 883401
59.6225 883937
59.6343 884473
59.6461 885009
59.6579 885545
59.6697 886081
59.6815 886617
59.6933 887153
59.8939 887689
59.9765 888225
59.9883 888761
60.0001 889297
60.0119 889833
60.4013 890369
60.4131 890905
60.4721 891441
60.4839 891977
60.4957 892513
60.5075 893049
60.5193 893585
60.5311 894121
60.5429 894657
60.5547 895193
60.5665 895729
60.5783 896265
60.5901 896801
60.6019 897337
60.6137 897873
60.6255 898409
60.6373 898945
60.6491 899481
60.6727 900017
60.6845 900553
60.6963 901089
60.7081 901625
60.7199 902161
60.7317 902697
60.7435 903233
60.7553 903769
60.7671 904305
60.7789 904841
60.7907 905377
60.8025 905913
60.8143 906449
60.8261 906985
61.0975 907521
61.1093 908057
61.1211 908593
61.1329 909129
61.3335 909665
61.5341 910201
61.5459 910737
61.5577 911273
61.6167 911809
61.6285 912345
61.6403 912881
61.6521 913417
61.6639 913953
61.6757 914489
61.6875 915025
61.6993 915561
61.7111 916097
61.7229 916633
61.7347 917169
61.7465 917705
61.7583 918241
61.7701 918777
61.7819 919313
61.7937 919849
61.8291 920385
61.8409 920921
61.8527 921457
61.8645 921993
61.8763 922529
61.8881 923065
61.8999 923601
61.9117 924137
61.9235 924673
61.9353 925209
61.9471 925745
61.9589 926281
61.9707 926817
61.9825 927353
62.2539 927889
62.2657 928425
62.2775 928961
62.2893 929497
62.6787 930033
62.6905 930569
62.7023 931105
62.7613 931641
62.7731 932177
62.7849 932713
62.7967 933249
62.8085 933785
62.8203 934321
62.8321 934857
62.8439 935393
62.8557 935929
62.8675 936465
62.8793 937001
62.8911 937537
62.9029 938073
62.9147 938609
62.9265 939145
62.9383 939681
62.9855 940217
62.9973 940753
63.0091 941289
63.0209 941825
63.0327 942361
63.0445 942897
63.0563 943433
63.0681 943969
63.0799 944505
63.0917 945041
63.1035 945577
63.1153 946113
63.1271 946649
63.1389 947185
63.3395 947721
63.4221 948257
63.4339 948793
63.4457 949329
63.4575 949865
63.8469 950401
63.8587 950937
63.9177 951473
63.9295 952009
63.9413 952545
63.9531 953081
63.9649 953617
63.9767 954153
63.9885 954689
64.0003 955225
64.0121 955761
64.0239 956297
64.0357 956833
64.0475 957369
64.0593 957905
64.0711 958441
64.0829 958977
64.0947 959513
64.1065 960049
64.1419 960585
64.1537 961121
64.1655 961657
64.1773 962193
64.1891 962729
64.2009 963265
64.2127 963801
64.2245 964337
64.2363 964873
64.2481 965409
64.2599 965945
64.2717 966481
64.2835 967017
64.2953 967553
64.5077 968089
64.5903 968625
64.6021 969161
64.6139 969697
64.6257 970233
64.8263 970769
65.0269 971305
65.0387 971841
65.0977 972377
65.1095 972913
65.1213 973449
65.1331 973985
65.1449 974521
65.1567 975057
65.1685 975593
65.1803 976129
65.1921 976665
65.2039 977201
65.2157 977737
65.2275 978273
65.2393 978809
65.2511 979345
65.2629 979881
65.2747 980417
65.3219 980953
65.3337 981489
65.3455 982025
65.3573 982561
65.3691 983097
65.3809 983633
65.3927 984169
65.4045 984705
65.4163 985241
65.4281 985777
65.4399 986313
65.4517 986849
65.4635 987385
65.4753 987921
65.6759 988457
65.7585 988993
65.7703 989529
65.7821 990065
65.7939 990601
65.9945 991137
66.1951 991673
66.2069 992209
66.2187 992745
66.2777 993281
66.2895 993817
66.3013 994353
66.3131 994889
66.3249 995425
66.3367 995961
66.3485 996497
66.3603 997033
66.3721 997569
66.3839 998105
66.3957 998641
66.4075 999177
66.4193 999713
66.4311 1000249
66.4429 1000785
66.4547 1001321
66.4665 1001857
66.5137 1002393
66.5255 1002929
66.5373 1003465
66.5491 1004001
66.5609 1004537
66.5727 1005073
66.5845 1005609
66.5963 1006145
66.6081 1006681
66.6199 1007217
66.6317 1007753
66.6435 1008289
66.6553 1008825
66.6671 1009361
66.9503 1009897
66.9621 1010433
66.9739 1010969
66.9857 1011505
67.1863 1012041
67.3869 1012577
67.3987 1013113
67.4105 1013649
67.4695 1014185
67.4813 1014721
67.4931 1015257
67.5049 1015793
67.5167 1016329
67.5285 1016865
67.5403 1017401
67.5521 1017937
67.5639 1018473
67.5757 1019009
67.5875 1019545
67.5993 1020081
67.6111 1020617
67.6229 1021153
67.6347 1021689
67.6465 1022225
67.6701 1022761
67.6819 1023297
67.7173 1023833
67.7291 1024369
67.7409 1024905
67.7527 1025441
67.7645 1025977
67.7763 1026513
67.7881 1027049
67.7999 1027585
67.8117 1028121
67.8235 1028657
67.8353 1029193
67.8471 1029729
67.8589 1030265
67.8707 1030801
68.1657 1031337
68.1775 1031873
68.1893 1032409
68.2011 1032945
68.5905 1033481
68.6023 1034017
68.6141 1034553
68.6731 1035089
68.6849 1035625
68.6967 1036161
68.7085 1036697
68.7203 1037233
68.7321 1037769
68.7439 1038305
68.7557 1038841
68.7675 1039377
68.7793 1039913
68.7911 1040449
68.8029 1040985
68.8147 1041521
68.8265 1042057
68.8383 1042593
68.8501 1043129
68.8619 1043665
68.8737 1044201
68.8855 1044737
68.9209 1045273
68.9327 1045809
68.9445 1046345
68.9563 1046881
68.9681 1047417
68.9799 1047953
68.9917 1048489
69.0035 1049025
69.0153 1049561
69.0271 1050097
69.0389 1050633
69.0507 1051169
69.0625 1051705
69.0743 1052241
69.2749 1052777
69.3811 1053313
69.3929 1053849
69.4047 1054385
69.4165 1054921
69.8177 1055457
69.8295 1055993
69.8885 1056529
69.9003 1057065
69.9121 1057601
69.9239 1058137
69.9357 1058673
69.9475 1059209
69.9593 1059745
69.9711 1060281
69.9829 1060817
69.9947 1061353
70.0065 1061889
70.0183 1062425
70.0301 1062961
70.0419 1063497
70.0537 1064033
70.0655 1064569
70.0891 1065105
70.1009 1065641
70.1127 1066177
70.1245 1066713
70.1599 1067249
70.1717 1067785
70.1835 1068321
70.1953 1068857
70.2071 1069393
70.2189 1069929
70.2307 1070465
70.2425 1071001
70.2543 1071537
70.2661 1072073
70.2779 1072609
70.2897 1073145
70.3015 1073681
70.3133 1074217
70.6083 1074753
70.6201 1075289
70.6319 1075825
70.6437 1076361
70.8443 1076897
71.0449 1077433
71.0567 1077969
71.1157 1078505
71.1275 1079041
71.1393 1079577
71.1511 1080113
71.1629 1080649
71.1747 1081185
71.1865 1081721
71.1983 1082257
71.2101 1082793
71.2219 1083329
71.2337 1083865
71.2455 1084401
71.2573 1084937
71.2691 1085473
71.2809 1086009
71.2927 1086545
71.3163 1087081
71.3281 1087617
71.3399 1088153
71.3517 1088689
71.3871 1089225
71.3989 1089761
71.4107 1090297
71.4225 1090833
71.4343 1091369
71.4461 1091905
71.4579 1092441
71.4697 1092977
71.4815 1093513
71.4933 1094049
71.5051 1094585
71.5169 1095121
71.5287 1095657
71.5405 1096193
71.5877 1096729
71.8473 1097265
71.8591 1097801
71.8709 1098337
71.9063 1098873
72.2721 1099409
72.2839 1099945
72.2957 1100481
72.3547 1101017
72.3665 1101553
72.3783 1102089
72.4019 1102625
72.4137 1103161
72.4255 1103697
72.4373 1104233
72.4491 1104769
72.4609 1105305
72.4727 1105841
72.4845 1106377
72.4963 1106913
72.5081 1107449
72.5199 1107985
72.5435 1108521
72.5553 1109057
72.5671 1109593
72.5789 1110129
72.6143 1110665
72.6261 1111201
72.6379 1111737
72.6497 1112273
72.6615 1112809
72.6733 1113345
72.6851 1113881
72.6969 1114417
72.7087 1114953
72.7205 1115489
72.7323 1116025
72.7441 1116561
72.7559 1117097
72.7677 1117633
72.8149 1118169
72.8267 1118705
73.0155 1119241
73.0863 1119777
73.0981 1120313
73.1335 1120849
73.1453 1121385
73.5111 1121921
73.5229 1122457
73.5819 1122993
73.5937 1123529
73.6055 1124065
73.6173 1124601
73.6409 1125137
73.6527 1125673
73.6645 1126209
73.6999 1126745
73.7117 1127281
73.7235 1127817
73.7353 1128353
73.7471 1128889
73.7589 1129425
73.7707 1129961
73.7825 1130497
73.7943 1131033
73.8061 1131569
73.8415 1132105
73.8533 1132641
73.8651 1133177
73.8769 1133713
73.8887 1134249
73.9005 1134785
73.9123 1135321
73.9241 1135857
73.9359 1136393
73.9477 1136929
73.9595 1137465
73.9713 1138001
73.9831 1138537
73.9949 1139073
74.0421 1139609
74.0539 1140145
74.1011 1140681
74.1129 1141217
74.2427 1141753
74.2545 1142289
74.3253 1142825
74.3371 1143361
74.3725 1143897
74.3843 1144433
74.7501 1144969
74.7619 1145505
74.8209 1146041
74.8327 1146577
74.8445 1147113
74.8563 1147649
74.8799 1148185
74.8917 1148721
74.9271 1149257
74.9389 1149793
74.9507 1150329
74.9743 1150865
74.9861 1151401
74.9979 1151937
75.0097 1152473
75.0215 1153009
75.0333 1153545
75.0687 1154081
75.0805 1154617
75.0923 1155153
75.1041 1155689
75.1159 1156225
75.1277 1156761
75.1395 1157297
75.1513 1157833
75.1631 1158369
75.1749 1158905
75.1867 1159441
75.1985 1159977
75.2103 1160513
75.2221 1161049
75.2811 1161585
75.2929 1162121
75.3283 1162657
75.3401 1163193
75.3873 1163729
75.4699 1164265
75.4817 1164801
75.5525 1165337
75.5643 1165873
75.5997 1166409
75.6351 1166945
75.6823 1167481
75.6941 1168017
75.7059 1168553
75.7177 1169089
75.7295 1169625
75.7413 1170161
75.7531 1170697
75.7649 1171233
75.7767 1171769
75.8121 1172305
75.8239 1172841
75.8475 1173377
75.8593 1173913
75.8711 1174449
75.8829 1174985
75.8947 1175521
75.9065 1176057
75.9419 1176593
75.9537 1177129
75.9655 1177665
75.9773 1178201
75.9891 1178737
76.0009 1179273
76.0127 1179809
76.0245 1180345
76.0363 1180881
76.0481 1181417
76.0599 1181953
76.0717 1182489
76.0835 1183025
76.0953 1183561
76.1071 1184097
76.1661 1184633
76.1779 1185169
76.2133 1185705
76.2251 1186241
76.2723 1186777
76.2841 1187313
76.3667 1187849
76.3785 1188385
76.4493 1188921
76.4611 1189457
76.5201 1189993
76.5319 1190529
76.5909 1191065
76.6027 1191601
76.6145 1192137
76.6263 1192673
76.6381 1193209
76.6499 1193745
76.6617 1194281
76.6735 1194817
76.6971 1195353
76.7089 1195889
76.7443 1196425
76.7561 1196961
76.7679 1197497
76.7797 1198033
76.7915 1198569
76.8033 1199105
76.8387 1199641
76.8505 1200177
76.8623 1200713
76.8741 1201249
76.8859 1201785
76.8977 1202321
76.9095 1202857
76.9213 1203393
76.9331 1203929
76.9449 1204465
76.9567 1205001
76.9685 1205537
76.9803 1206073
76.9921 1206609
77.0039 1207145
77.0157 1207681
77.0747 1208217
77.0865 1208753
77.1219 1209289
77.1337 1209825
77.1691 1210361
77.1809 1210897
77.2635 1211433
77.2753 1211969
77.3579 1212505
77.3697 1213041
77.4287 1213577
77.4405 1214113
77.4759 1214649
77.4877 1215185
77.4995 1215721
77.5113 1216257
77.5231 1216793
77.5349 1217329
77.5467 1217865
77.5585 1218401
77.5939 1218937
77.6057 1219473
77.6411 1220009
77.6529 1220545
77.6647 1221081
77.6765 1221617
77.6883 1222153
77.7001 1222689
77.7355 1223225
77.7473 1223761
77.7591 1224297
77.7709 1224833
77.7827 1225369
77.7945 1225905
77.8063 1226441
77.8181 1226977
77.8299 1227513
77.8417 1228049
77.8535 1228585
77.8653 1229121
77.8771 1229657
77.8889 1230193
77.9007 1230729
77.9125 1231265
77.9243 1231801
77.9833 1232337
77.9951 1232873
78.0305 1233409
78.0423 1233945
78.0777 1234481
78.0895 1235017
78.1721 1235553
78.1839 1236089
78.2665 1236625
78.2783 1237161
78.3373 1237697
78.3491 1238233
78.3845 1238769
78.3963 1239305
78.4081 1239841
78.4199 1240377
78.4317 1240913
78.4435 1241449
78.4553 1241985
78.4671 1242521
78.5025 1243057
78.5143 1243593
78.5497 1244129
78.5615 1244665
78.5733 1245201
78.5851 1245737
78.5969 1246273
78.6087 1246809
78.6559 1247345
78.6677 1247881
78.6795 1248417
78.6913 1248953
78.7031 1249489
78.7149 1250025
78.7267 1250561
78.7385 1251097
78.7503 1251633
78.7621 1252169
78.7739 1252705
78.7857 1253241
78.7975 1253777
78.8093 1254313
78.8211 1254849
78.8329 1255385
78.8919 1255921
78.9037 1256457
78.9391 1256993
78.9509 1257529
78.9863 1258065
78.9981 1258601
79.0807 1259137
79.0925 1259673
79.1751 1260209
79.1869 1260745
79.2459 1261281
79.2577 1261817
79.2931 1262353
79.3049 1262889
79.3167 1263425
79.3285 1263961
79.3403 1264497
79.3521 1265033
79.3639 1265569
79.3757 1266105
79.4111 1266641
79.4229 1267177
79.4583 1267713
79.4701 1268249
79.4819 1268785
79.4937 1269321
79.5055 1269857
79.5173 1270393
79.5527 1270929
79.5645 1271465
79.5763 1272001
79.5881 1272537
79.5999 1273073
79.6117 1273609
79.6235 1274145
79.6353 1274681
79.6471 1275217
79.6589 1275753
79.6707 1276289
79.6825 1276825
79.6943 1277361
79.7061 1277897
79.7179 1278433
79.7297 1278969
79.8005 1279505
79.8123 1280041
79.8477 1280577
79.8595 1281113
79.8949 1281649
79.9067 1282185
79.9185 1282721
80.0011 1283257
80.0129 1283793
80.0955 1284329
80.1073 1284865
80.1663 1285401
80.1781 1285937
80.2135 1286473
80.2253 1287009
80.2371 1287545
80.2489 1288081
80.2607 1288617
80.2725 1289153
80.2843 1289689
80.2961 1290225
80.3315 1290761
80.3433 1291297
80.3787 1291833
80.3905 1292369
80.4023 1292905
80.4141 1293441
80.4259 1293977
80.4377 1294513
80.4731 1295049
80.4849 1295585
80.4967 1296121
80.5085 1296657
80.5203 1297193
80.5321 1297729
80.5439 1298265
80.5557 1298801
80.5675 1299337
80.5793 1299873
80.5911 1300409
80.6029 1300945
80.6147 1301481
80.6265 1302017
80.6383 1302553
80.6501 1303089
80.7209 1303625
80.7327 1304161
80.7681 1304697
80.7799 1305233
80.8153 1305769
80.8271 1306305
80.8389 1306841
80.8507 1307377
80.9333 1307913
80.9451 1308449
81.0277 1308985
81.0395 1309521
81.0985 1310057
81.1103 1310593
81.1457 1311129
81.1575 1311665
81.1693 1312201
81.1811 1312737
81.1929 1313273
81.2047 1313809
81.2165 1314345
81.2283 1314881
81.2637 1315417
81.2755 1315953
81.3109 1316489
81.3227 1317025
81.3345 1317561
81.3463 1318097
81.3581 1318633
81.3699 1319169
81.4053 1319705
81.4171 1320241
81.4289 1320777
81.4407 1321313
81.4525 1321849
81.4643 1322385
81.4761 1322921
81.4879 1323457
81.4997 1323993
81.5115 1324529
81.5233 1325065
81.5351 1325601
81.5469 1326137
81.5587 1326673
81.5705 1327209
81.5823 1327745
81.6531 1328281
81.6649 1328817
81.7003 1329353
81.7121 1329889
81.7475 1330425
81.7593 1330961
81.7711 1331497
81.7829 1332033
81.8655 1332569
81.8773 1333105
81.9599 1333641
81.9717 1334177
82.0307 1334713
82.0425 1335249
82.0543 1335785
82.0897 1336321
82.1015 1336857
82.1133 1337393
82.1251 1337929
82.1369 1338465
82.1487 1339001
82.1605 1339537
82.1723 1340073
82.2077 1340609
82.2195 1341145
82.2549 1341681
82.2667 1342217
82.2785 1342753
82.2903 1343289
82.3021 1343825
82.3139 1344361
82.3493 1344897
82.3611 1345433
82.3729 1345969
82.3847 1346505
82.3965 1347041
82.4083 1347577
82.4201 1348113
82.4319 1348649
82.4437 1349185
82.4555 1349721
82.4673 1350257
82.4791 1350793
82.4909 1351329
82.5027 1351865
82.5145 1352401
82.5263 1352937
82.5971 1353473
82.6089 1354009
82.6561 1354545
82.6679 1355081
82.7033 1355617
82.7151 1356153
82.7269 1356689
82.7387 1357225
82.8213 1357761
82.8331 1358297
82.9157 1358833
82.9275 1359369
82.9865 1359905
82.9983 1360441
83.0337 1360977
83.0455 1361513
83.0573 1362049
83.0691 1362585
83.0809 1363121
83.0927 1363657
83.1045 1364193
83.1163 1364729
83.1517 1365265
83.1635 1365801
83.1989 1366337
83.2107 1366873
83.2225 1367409
83.2343 1367945
83.2461 1368481
83.2579 1369017
83.2933 1369553
83.3051 1370089
83.3169 1370625
83.3287 1371161
83.3405 1371697
83.3523 1372233
83.3641 1372769
83.3759 1373305
83.3877 1373841
83.3995 1374377
83.4113 1374913
83.4231 1375449
83.4349 1375985
83.4467 1376521
83.4585 1377057
83.4703 1377593
83.5411 1378129
83.5529 1378665
83.6119 1379201
83.6237 1379737
83.6591 1380273
83.6709 1380809
83.6827 1381345
83.6945 1381881
83.7771 1382417
83.7889 1382953
83.8715 1383489
83.8833 1384025
83.9423 1384561
83.9541 1385097
83.9895 1385633
84.0013 1386169
84.0131 1386705
84.0249 1387241
84.0367 1387777
84.0485 1388313
84.0603 1388849
84.0721 1389385
84.0839 1389921
84.1193 1390457
84.1311 1390993
84.1665 1391529
84.1783 1392065
84.1901 1392601
84.2019 1393137
84.2137 1393673
84.2255 1394209
84.2609 1394745
84.2727 1395281
84.2845 1395817
84.2963 1396353
84.3081 1396889
84.3199 1397425
84.3317 1397961
84.3435 1398497
84.3553 1399033
84.3671 1399569
84.3789 1400105
84.3907 1400641
84.4025 1401177
84.4143 1401713
84.4261 1402249
84.4379 1402785
84.4969 1403321
84.5087 1403857
84.5677 1404393
84.5795 1404929
84.6149 1405465
84.6267 1406001
84.6385 1406537
84.6503 1407073
84.7447 1407609
84.7565 1408145
84.8391 1408681
84.8509 1409217
84.9099 1409753
84.9217 1410289
84.9571 1410825
84.9689 1411361
84.9807 1411897
84.9925 1412433
85.0043 1412969
85.0161 1413505
85.0279 1414041
85.0397 1414577
85.0515 1415113
85.0633 1415649
85.0987 1416185
85.1105 1416721
85.1459 1417257
85.1577 1417793
85.1695 1418329
85.1813 1418865
85.1931 1419401
85.2049 1419937
85.2403 1420473
85.2521 1421009
85.2639 1421545
85.2757 1422081
85.2875 1422617
85.2993 1423153
85.3111 1423689
85.3229 1424225
85.3347 1424761
85.3465 1425297
85.3583 1425833
85.3701 1426369
85.3819 1426905
85.3937 1427441
85.4055 1427977
85.4173 1428513
85.4881 1429049
85.4999 1429585
85.5589 1430121
85.5707 1430657
85.6061 1431193
85.6179 1431729
85.6297 1432265
85.6415 1432801
85.7241 1433337
85.7359 1433873
85.8185 1434409
85.8303 1434945
85.8893 1435481
85.9011 1436017
85.9365 1436553
85.9483 1437089
85.9601 1437625
85.9719 1438161
85.9837 1438697
85.9955 1439233
86.0073 1439769
86.0191 1440305
86.0309 1440841
86.0427 1441377
86.0781 1441913
86.0899 1442449
86.1017 1442985
86.1371 1443521
86.1489 1444057
86.1607 1444593
86.1725 1445129
86.1843 1445665
86.1961 1446201
86.2315 1446737
86.2433 1447273
86.2551 1447809
86.2669 1448345
86.2787 1448881
86.2905 1449417
86.3023 1449953
86.3141 1450489
86.3259 1451025
86.3377 1451561
86.3495 1452097
86.3613 1452633
86.3731 1453169
86.3849 1453705
86.3967 1454241
86.4085 1454777
86.4793 1455313
86.4911 1455849
86.5501 1456385
86.5619 1456921
86.5973 1457457
86.6091 1457993
86.6209 1458529
86.6327 1459065
86.7271 1459601
86.7389 1460137
86.8215 1460673
86.8333 1461209
86.8923 1461745
86.9041 1462281
86.9395 1462817
86.9513 1463353
86.9631 1463889
86.9749 1464425
86.9867 1464961
86.9985 1465497
87.0103 1466033
87.0221 1466569
87.0339 1467105
87.0457 1467641
87.0811 1468177
87.0929 1468713
87.1283 1469249
87.1401 1469785
87.1519 1470321
87.1637 1470857
87.1755 1471393
87.1873 1471929
87.2227 1472465
87.2345 1473001
87.2463 1473537
87.2581 1474073
87.2699 1474609
87.2817 1475145
87.2935 1475681
87.3053 1476217
87.3171 1476753
87.3289 1477289
87.3407 1477825
87.3525 1478361
87.3643 1478897
87.3761 1479433
87.3879 1479969
87.3997 1480505
87.4705 1481041
87.4823 1481577
87.5413 1482113
87.5531 1482649
87.5885 1483185
87.6003 1483721
87.6121 1484257
87.6239 1484793
87.7301 1485329
87.7419 1485865
87.8245 1486401
87.8363 1486937
87.8953 1487473
87.9071 1488009
87.9425 1488545
87.9543 1489081
87.9661 1489617
87.9779 1490153
87.9897 1490689
88.0015 1491225
88.0133 1491761
88.0251 1492297
88.0369 1492833
88.0487 1493369
88.0841 1493905
88.0959 1494441
88.1313 1494977
88.1431 1495513
88.1549 1496049
88.1667 1496585
88.1785 1497121
88.1903 1497657
88.2257 1498193
88.2375 1498729
88.2493 1499265
88.2611 1499801
88.2729 1500337
88.2847 1500873
88.2965 1501409
88.3083 1501945
88.3201 1502481
88.3319 1503017
88.3437 1503553
88.3555 1504089
88.3673 1504625
88.3791 1505161
88.3909 1505697
88.4027 1506233
88.4145 1506769
88.4735 1507305
88.4853 1507841
88.5443 1508377
88.5561 1508913
88.5915 1509449
88.6033 1509985
88.6151 1510521
88.6269 1511057
88.7331 1511593
88.7449 1512129
88.8393 1512665
88.8511 1513201
88.9101 1513737
88.9219 1514273
88.9573 1514809
88.9691 1515345
88.9809 1515881
88.9927 1516417
89.0045 1516953
89.0163 1517489
89.0281 1518025
89.0399 1518561
89.0517 1519097
89.0635 1519633
89.0989 1520169
89.1107 1520705
89.1461 1521241
89.1579 1521777
89.1697 1522313
89.1815 1522849
89.1933 1523385
89.2051 1523921
89.2405 1524457
89.2523 1524993
89.2641 1525529
89.2759 1526065
89.2877 1526601
89.2995 1527137
89.3113 1527673
89.3231 1528209
89.3349 1528745
89.3467 1529281
89.3585 1529817
89.3703 1530353
89.3821 1530889
89.3939 1531425
89.4057 1531961
89.4175 1532497
89.4411 1533033
89.4529 1533569
89.5119 1534105
89.5237 1534641
89.5827 1535177
89.5945 1535713
89.6299 1536249
89.6417 1536785
89.6535 1537321
89.6653 1537857
89.7715 1538393
89.7833 1538929
89.8659 1539465
89.8777 1540001
89.9367 1540537
89.9485 1541073
89.9839 1541609
89.9957 1542145
90.0075 1542681
90.0193 1543217
90.0311 1543753
90.0429 1544289
90.0547 1544825
90.0665 1545361
90.0783 1545897
90.0901 1546433
90.1255 1546969
90.1373 1547505
90.1727 1548041
90.1845 1548577
90.1963 1549113
90.2081 1549649
90.2199 1550185
90.2317 1550721
90.2671 1551257
90.2789 1551793
90.2907 1552329
90.3025 1552865
90.3143 1553401
90.3261 1553937
90.3379 1554473
90.3497 1555009
90.3615 1555545
90.3733 1556081
90.3851 1556617
90.3969 1557153
90.4087 1557689
90.4205 1558225
90.4323 1558761
90.4441 1559297
90.4559 1559833
90.4795 1560369
90.4913 1560905
90.5503 1561441
90.5621 1561977
90.6211 1562513
90.6329 1563049
90.6683 1563585
90.6801 1564121
90.6919 1564657
90.7037 1565193
90.8099 1565729
90.8217 1566265
90.9043 1566801
90.9161 1567337
90.9869 1567873
90.9987 1568409
91.0341 1568945
91.0459 1569481
91.0577 1570017
91.0695 1570553
91.0813 1571089
91.0931 1571625
91.1049 1572161
91.1167 1572697
91.1285 1573233
91.1403 1573769
91.1757 1574305
91.1875 1574841
91.2229 1575377
91.2347 1575913
91.2465 1576449
91.2583 1576985
91.2701 1577521
91.2819 1578057
91.3173 1578593
91.3291 1579129
91.3409 1579665
91.3527 1580201
91.3645 1580737
91.3763 1581273
91.3881 1581809
91.3999 1582345
91.4117 1582881
91.4235 1583417
91.4353 1583953
91.4471 1584489
91.4589 1585025
91.4707 1585561
91.4825 1586097
91.4943 1586633
91.5179 1587169
91.5297 1587705
91.5887 1588241
91.6005 1588777
91.6595 1589313
91.6713 1589849
91.7067 1590385
91.7185 1590921
91.7303 1591457
91.7421 1591993
91.8483 1592529
91.8601 1593065
91.9427 1593601
91.9545 1594137
92.0371 1594673
92.0489 1595209
92.0843 1595745
92.0961 1596281
92.1079 1596817
92.1197 1597353
92.1315 1597889
92.1433 1598425
92.1551 1598961
92.1669 1599497
92.1787 1600033
92.1905 1600569
92.2259 1601105
92.2377 1601641
92.2731 1602177
92.2849 1602713
92.2967 1603249
92.3085 1603785
92.3203 1604321
92.3321 1604857
92.3675 1605393
92.3793 1605929
92.3911 1606465
92.4029 1607001
92.4147 1607537
92.4265 1608073
92.4383 1608609
92.4501 1609145
92.4619 1609681
92.4737 1610217
92.4855 1610753
92.4973 1611289
92.5091 1611825
92.5209 1612361
92.5327 1612897
92.5445 1613433
92.5563 1613969
92.5681 1614505
92.6271 1615041
92.6389 1615577
92.6979 1616113
92.7097 1616649
92.7215 1617185
92.7569 1617721
92.7687 1618257
92.7805 1618793
92.7923 1619329
92.8985 1619865
92.9103 1620401
92.9929 1620937
93.0047 1621473
93.0873 1622009
93.0991 1622545
93.1463 1623081
93.1581 1623617
93.1699 1624153
93.1817 1624689
93.1935 1625225
93.2053 1625761
93.2171 1626297
93.2289 1626833
93.2407 1627369
93.2525 1627905
93.2879 1628441
93.2997 1628977
93.3351 1629513
93.3469 1630049
93.3587 1630585
93.3705 1631121
93.3823 1631657
93.3941 1632193
93.4295 1632729
93.4413 1633265
93.4531 1633801
93.4649 1634337
93.4767 1634873
93.4885 1635409
93.5003 1635945
93.5121 1636481
93.5239 1637017
93.5357 1637553
93.5475 1638089
93.5593 1638625
93.5711 1639161
93.5829 1639697
93.5947 1640233
93.6065 1640769
93.6301 1641305
93.6419 1641841
93.7009 1642377
93.7127 1642913
93.7717 1643449
93.7835 1643985
93.7953 1644521
93.8071 1645057
93.8425 1645593
93.8543 1646129
93.8661 1646665
93.8779 1647201
93.9841 1647737
93.9959 1648273
94.0785 1648809
94.0903 1649345
94.1729 1649881
94.1847 1650417
94.2201 1650953
94.2319 1651489
94.2437 1652025
94.2555 1652561
94.2673 1653097
94.2791 1653633
94.2909 1654169
94.3027 1654705
94.3145 1655241
94.3263 1655777
94.3617 1656313
94.3735 1656849
94.4089 1657385
94.4207 1657921
94.4325 1658457
94.4443 1658993
94.4561 1659529
94.4679 1660065
94.5033 1660601
94.5151 1661137
94.5269 1661673
94.5387 1662209
94.5505 1662745
94.5623 1663281
94.5741 1663817
94.5859 1664353
94.5977 1664889
94.6095 1665425
94.6213 1665961
94.6331 1666497
94.6449 1667033
94.6567 1667569
94.6685 1668105
94.6803 1668641
94.7039 1669177
94.7157 1669713
94.7747 1670249
94.7865 1670785
94.8455 1671321
94.8573 1671857
94.8691 1672393
94.8809 1672929
94.9163 1673465
94.9281 1674001
94.9399 1674537
94.9517 1675073
94.9635 1675609
95.0697 1676145
95.0815 1676681
95.1641 1677217
95.1759 1677753
95.2585 1678289
95.2703 1678825
95.3057 1679361
95.3175 1679897
95.3293 1680433
95.3411 1680969
95.3529 1681505
95.3647 1682041
95.3765 1682577
95.3883 1683113
95.4001 1683649
95.4119 1684185
95.4591 1684721
95.4709 1685257
95.5063 1685793
95.5181 1686329
95.5299 1686865
95.5417 1687401
95.5535 1687937
95.5653 1688473
95.6007 1689009
95.6125 1689545
95.6243 1690081
95.6361 1690617
95.6479 1691153
95.6597 1691689
95.6715 1692225
95.6833 1692761
95.6951 1693297
95.7069 1693833
95.7187 1694369
95.7305 1694905
95.7423 1695441
95.7541 1695977
95.7659 1696513
95.7777 1697049
95.8013 1697585
95.8131 1698121
95.8721 1698657
95.8839 1699193
95.9429 1699729
95.9547 1700265
95.9665 1700801
95.9783 1701337
96.0137 1701873
96.0255 1702409
96.0373 1702945
96.0491 1703481
96.1553 1704017
96.1671 1704553
96.2497 1705089
96.2615 1705625
96.3441 1706161
96.3559 1706697
96.3913 1707233
96.4031 1707769
96.4149 1708305
96.4267 1708841
96.4385 1709377
96.4503 1709913
96.4621 1710449
96.4739 1710985
96.4857 1711521
96.4975 1712057
96.5565 1712593
96.5683 1713129
96.6037 1713665
96.6155 1714201
96.6273 1714737
96.6391 1715273
96.6509 1715809
96.6627 1716345
96.6981 1716881
96.7099 1717417
96.7217 1717953
96.7335 1718489
96.7453 1719025
96.7571 1719561
96.7689 1720097
96.7807 1720633
96.7925 1721169
96.8043 1721705
96.8161 1722241
96.8279 1722777
96.8397 1723313
96.8515 1723849
96.8633 1724385
96.8751 1724921
96.8869 1725457
96.8987 1725993
96.9577 1726529
96.9695 1727065
97.0285 1727601
97.0403 1728137
97.0521 1728673
97.0639 1729209
97.0993 1729745
97.1111 1730281
97.1229 1730817
97.1347 1731353
97.2409 1731889
97.2527 1732425
97.3353 1732961
97.3471 1733497
97.4297 1734033
97.4415 1734569
97.4533 1735105
97.4887 1735641
97.5005 1736177
97.5123 1736713
97.5241 1737249
97.5359 1737785
97.5477 1738321
97.5595 1738857
97.5713 1739393
97.5831 1739929
97.5949 1740465
97.6539 1741001
97.6657 1741537
97.7011 1742073
97.7129 1742609
97.7247 1743145
97.7365 1743681
97.7483 1744217
97.7601 1744753
97.7955 1745289
97.8073 1745825
97.8191 1746361
97.8309 1746897
97.8427 1747433
97.8545 1747969
97.8663 1748505
97.8781 1749041
97.8899 1749577
97.9017 1750113
97.9135 1750649
97.9253 1751185
97.9371 1751721
97.9489 1752257
97.9607 1752793
97.9725 1753329
98.0079 1753865
98.0197 1754401
98.0787 1754937
98.0905 1755473
98.1495 1756009
98.1613 1756545
98.1731 1757081
98.1849 1757617
98.2203 1758153
98.2321 1758689
98.2439 1759225
98.2557 1759761
98.3619 1760297
98.3737 1760833
98.4563 1761369
98.4681 1761905
98.5507 1762441
98.5625 1762977
98.5743 1763513
98.5861 1764049
98.6215 1764585
98.6333 1765121
98.6451 1765657
98.6569 1766193
98.6687 1766729
98.6805 1767265
98.6923 1767801
98.7041 1768337
98.7159 1768873
98.7277 1769409
98.7867 1769945
98.7985 1770481
98.8339 1771017
98.8457 1771553
98.8575 1772089
98.8693 1772625
98.8811 1773161
98.8929 1773697
98.9283 1774233
98.9401 1774769
98.9519 1775305
98.9637 1775841
98.9755 1776377
98.9873 1776913
98.9991 1777449
99.0109 1777985
99.0227 1778521
99.0345 1779057
99.0463 1779593
99.0581 1780129
99.0699 1780665
99.0817 1781201
99.0935 1781737
99.1053 1782273
99.1407 1782809
99.1525 1783345
99.2115 1783881
99.2233 1784417
99.2823 1784953
99.2941 1785489
99.3059 1786025
99.3177 1786561
99.3531 1787097
99.3649 1787633
99.3767 1788169
99.3885 1788705
99.4947 1789241
99.5065 1789777
99.5891 1790313
99.6009 1790849
99.6835 1791385
99.6953 1791921
99.7071 1792457
99.7189 1792993
99.7543 1793529
99.7661 1794065
99.7779 1794601
99.7897 1795137
99.8015 1795673
99.8133 1796209
99.8251 1796745
99.8369 1797281
99.8487 1797817
99.8605 1798353
99.9195 1798889
99.9313 1799425
99.9431 1799961
99.9785 1800497
99.9903 1801033
100.002 1801569
100.014 1802105
100.026 1802641
100.037 1803177
100.073 1803713
100.085 1804249
100.096 1804785
100.108 1805321
100.12 1805857
100.132 1806393
100.144 1806929
100.155 1807465
100.167 1808001
100.179 1808537
100.191 1809073
100.203 1809609
100.214 1810145
100.226 1810681
100.238 1811217
100.25 1811753
100.285 1812289
100.297 1812825
100.368 1813361
100.38 1813897
100.439 1814433
100.45 1814969
100.462 1815505
100.474 1816041
100.509 1816577
100.521 1817113
100.533 1817649
100.545 1818185
100.651 1818721
100.663 1819257
100.745 1819793
100.757 1820329
100.84 1820865
100.852 1821401
100.863 1821937
100.875 1822473
100.911 1823009
100.922 1823545
100.934 1824081
100.946 1824617
100.958 1825153
100.97 1825689
100.981 1826225
100.993 1826761
101.005 1827297
101.017 1827833
101.076 1828369
101.088 1828905
101.123 1829441
101.135 1829977
101.147 1830513
101.158 1831049
101.17 1831585
101.182 1832121
101.217 1832657
101.229 1833193
101.241 1833729
101.253 1834265
101.265 1834801
101.276 1835337
101.288 1835873
101.3 1836409
101.312 1836945
101.324 1837481
101.335 1838017
101.347 1838553
101.359 1839089
101.371 1839625
101.383 1840161
101.394 1840697
101.43 1841233
101.442 1841769
101.501 1842305
101.512 1842841
101.571 1843377
101.583 1843913
101.595 1844449
101.607 1844985
101.642 1845521
101.654 1846057
101.666 1846593
101.678 1847129
101.784 1847665
101.796 1848201
101.878 1848737
101.89 1849273
101.973 1849809
101.984 1850345
101.996 1850881
102.008 1851417
102.043 1851953
102.055 1852489
102.067 1853025
102.079 1853561
102.091 1854097
102.102 1854633
102.114 1855169
102.126 1855705
102.138 1856241
102.15 1856777
102.209 1857313
102.22 1857849
102.256 1858385
102.268 1858921
102.279 1859457
102.291 1859993
102.303 1860529
102.315 1861065
102.35 1861601
102.362 1862137
102.374 1862673
102.386 1863209
102.397 1863745
102.409 1864281
102.421 1864817
102.433 1865353
102.445 1865889
102.456 1866425
102.468 1866961
102.48 1867497
102.492 1868033
102.504 1868569
102.515 1869105
102.527 1869641
102.539 1870177
102.586 1870713
102.598 1871249
102.657 1871785
102.669 1872321
102.74 1872857
102.751 1873393
102.763 1873929
102.775 1874465
102.81 1875001
102.822 1875537
102.834 1876073
102.846 1876609
102.952 1877145
102.964 1877681
103.046 1878217
103.058 1878753
103.141 1879289
103.153 1879825
103.164 1880361
103.176 1880897
103.212 1881433
103.223 1881969
103.235 1882505
103.247 1883041
103.259 1883577
103.271 1884113
103.282 1884649
103.294 1885185
103.306 1885721
103.318 1886257
103.377 1886793
103.389 1887329
103.424 1887865
103.436 1888401
103.448 1888937
103.459 1889473
103.471 1890009
103.483 1890545
103.518 1891081
103.53 1891617
103.542 1892153
103.554 1892689
103.566 1893225
103.577 1893761
103.589 1894297
103.601 1894833
103.613 1895369
103.625 1895905
103.636 1896441
103.648 1896977
103.66 1897513
103.672 1898049
103.684 1898585
103.695 1899121
103.707 1899657
103.719 1900193
103.754 1900729
103.766 1901265
103.825 1901801
103.837 1902337
103.92 1902873
103.931 1903409
103.943 1903945
103.955 1904481
103.99 1905017
104.002 1905553
104.014 1906089
104.026 1906625
104.132 1907161
104.144 1907697
104.226 1908233
104.238 1908769
104.321 1909305
104.333 1909841
104.344 1910377
104.356 1910913
104.392 1911449
104.403 1911985
104.415 1912521
104.427 1913057
104.439 1913593
104.451 1914129
104.462 1914665
104.474 1915201
104.486 1915737
104.498 1916273
104.557 1916809
104.569 1917345
104.604 1917881
104.616 1918417
104.628 1918953
104.639 1919489
104.651 1920025
104.663 1920561
104.698 1921097
104.71 1921633
104.722 1922169
104.734 1922705
104.746 1923241
104.757 1923777
104.769 1924313
104.781 1924849
104.793 1925385
104.805 1925921
104.816 1926457
104.828 1926993
104.84 1927529
104.852 1928065
104.864 1928601
104.875 1929137
104.887 1929673
104.899 1930209
104.911 1930745
104.946 1931281
104.958 1931817
105.017 1932353
105.029 1932889
105.111 1933425
105.123 1933961
105.135 1934497
105.147 1935033
105.182 1935569
105.194 1936105
105.206 1936641
105.218 1937177
105.336 1937713
105.347 1938249
105.43 1938785
105.442 1939321
105.524 1939857
105.536 1940393
105.548 1940929
105.56 1941465
105.595 1942001
105.607 1942537
105.619 1943073
105.631 1943609
105.642 1944145
105.654 1944681
105.666 1945217
105.678 1945753
105.69 1946289
105.701 1946825
105.76 1947361
105.772 1947897
105.808 1948433
105.819 1948969
105.831 1949505
105.843 1950041
105.855 1950577
105.867 1951113
105.902 1951649
105.914 1952185
105.926 1952721
105.937 1953257
105.949 1953793
105.961 1954329
105.973 1954865
105.985 1955401
105.996 1955937
106.008 1956473
106.02 1957009
106.032 1957545
106.044 1958081
106.055 1958617
106.067 1959153
106.079 1959689
106.091 1960225
106.103 1960761
106.138 1961297
106.15 1961833
106.209 1962369
106.221 1962905
106.303 1963441
106.315 1963977
106.327 1964513
106.339 1965049
106.374 1965585
106.386 1966121
106.398 1966657
106.409 1967193
106.516 1967729
106.527 1968265
106.61 1968801
106.622 1969337
106.704 1969873
106.716 1970409
106.728 1970945
106.74 1971481
106.775 1972017
106.787 1972553
106.799 1973089
106.811 1973625
106.822 1974161
106.834 1974697
106.846 1975233
106.858 1975769
106.87 1976305
106.881 1976841
106.94 1977377
106.952 1977913
106.988 1978449
106.999 1978985
107.011 1979521
107.023 1980057
107.035 1980593
107.047 1981129
107.082 1981665
107.094 1982201
107.106 1982737
107.117 1983273
107.129 1983809
107.141 1984345
107.153 1984881
107.165 1985417
107.176 1985953
107.188 1986489
107.2 1987025
107.212 1987561
107.224 1988097
107.235 1988633
107.247 1989169
107.259 1989705
107.283 1990241
107.294 1990777
107.33 1991313
107.342 1991849
107.353 1992385
107.412 1992921
107.424 1993457
107.507 1993993
107.519 1994529
107.53 1995065
107.542 1995601
107.578 1996137
107.589 1996673
107.601 1997209
107.613 1997745
107.719 1998281
107.731 1998817
107.825 1999353
107.837 1999889
107.92 2000425
107.932 2000961
107.943 2001497
107.955 2002033
107.991 2002569
108.002 2003105
108.014 2003641
108.026 2004177
108.038 2004713
108.05 2005249
108.061 2005785
108.073 2006321
108.085 2006857
108.097 2007393
108.156 2007929
108.168 2008465
108.203 2009001
108.215 2009537
108.227 2010073
108.238 2010609
108.25 2011145
108.262 2011681
108.297 2012217
108.309 2012753
108.321 2013289
108.333 2013825
108.345 2014361
108.356 2014897
108.368 2015433
108.38 2015969
108.392 2016505
108.404 2017041
108.415 2017577
108.427 2018113
108.439 2018649
108.451 2019185
108.463 2019721
108.474 2020257
108.486 2020793
108.498 2021329
108.533 2021865
108.545 2022401
108.557 2022937
108.569 2023473
108.628 2024009
108.64 2024545
108.722 2025081
108.734 2025617
108.746 2026153
108.758 2026689
108.793 2027225
108.805 2027761
108.817 2028297
108.828 2028833
108.935 2029369
108.946 2029905
109.053 2030441
109.064 2030977
109.147 2031513
109.159 2032049
109.171 2032585
109.182 2033121
109.218 2033657
109.23 2034193
109.241 2034729
109.253 2035265
109.265 2035801
109.277 2036337
109.289 2036873
109.3 2037409
109.312 2037945
109.324 2038481
109.383 2039017
109.395 2039553
109.43 2040089
109.442 2040625
109.454 2041161
109.466 2041697
109.477 2042233
109.489 2042769
109.525 2043305
109.536 2043841
109.548 2044377
109.56 2044913
109.572 2045449
109.584 2045985
109.595 2046521
109.607 2047057
109.619 2047593
109.631 2048129
109.643 2048665
109.654 2049201
109.666 2049737
109.678 2050273
109.69 2050809
109.702 2051345
109.713 2051881
109.725 2052417
109.761 2052953
109.772 2053489
109.784 2054025
109.796 2054561
109.855 2055097
109.867 2055633
109.949 2056169
109.961 2056705
109.973 2057241
109.985 2057777
109.997 2058313
110.032 2058849
110.044 2059385
110.056 2059921
110.067 2060457
110.174 2060993
110.185 2061529
110.292 2062065
110.303 2062601
110.386 2063137
110.398 2063673
110.41 2064209
110.433 2064745
110.457 2065281
110.469 2065817
110.48 2066353
110.504 2066889
110.516 2067425
110.528 2067961
110.539 2068497
110.551 2069033
110.563 2069569
110.61 2070105
110.622 2070641
110.669 2071177
110.681 2071713
110.693 2072249
110.705 2072785
110.716 2073321
110.728 2073857
110.764 2074393
110.775 2074929
110.787 2075465
110.799 2076001
110.811 2076537
110.823 2077073
110.834 2077609
110.846 2078145
110.858 2078681
110.87 2079217
110.882 2079753
110.893 2080289
110.905 2080825
110.917 2081361
110.929 2081897
110.941 2082433
110.952 2082969
110.964 2083505
111 2084041
111.011 2084577
111.023 2085113
111.035 2085649
111.094 2086185
111.106 2086721
111.188 2087257
111.2 2087793
111.212 2088329
111.224 2088865
111.236 2089401
111.271 2089937
111.283 2090473
111.295 2091009
111.306 2091545
111.401 2092081
111.413 2092617
111.519 2093153
111.531 2093689
111.613 2094225
111.625 2094761
111.637 2095297
111.649 2095833
111.684 2096369
111.696 2096905
111.708 2097441
111.719 2097977
111.743 2098513
111.755 2099049
111.767 2099585
111.778 2100121
111.79 2100657
111.837 2101193
111.861 2101729
111.896 2102265
111.908 2102801
111.92 2103337
111.932 2103873
111.944 2104409
111.955 2104945
111.991 2105481
112.003 2106017
112.014 2106553
112.026 2107089
112.038 2107625
112.05 2108161
112.062 2108697
112.073 2109233
112.085 2109769
112.097 2110305
112.109 2110841
112.121 2111377
112.132 2111913
112.144 2112449
112.156 2112985
112.168 2113521
112.191 2114057
112.203 2114593
112.239 2115129
112.25 2115665
112.262 2116201
112.274 2116737
112.321 2117273
112.345 2117809
112.392 2118345
112.427 2118881
112.439 2119417
112.451 2119953
112.475 2120489
112.498 2121025
112.51 2121561
112.522 2122097
112.545 2122633
112.628 2123169
112.64 2123705
112.746 2124241
112.758 2124777
112.77 2125313
112.84 2125849
112.852 2126385
112.864 2126921
112.899 2127457
112.911 2127993
112.923 2128529
112.958 2129065
112.97 2129601
113.006 2130137
113.017 2130673
113.029 2131209
113.065 2131745
113.1 2132281
113.124 2132817
113.135 2133353
113.147 2133889
113.171 2134425
113.183 2134961
113.194 2135497
113.23 2136033
113.242 2136569
113.253 2137105
113.265 2137641
114.563 2138177
114.563 2138713
114.563 2139249
114.563 2139785
114.563 2140321
114.563 2140857
114.563 2141393
114.563 2141929
114.563 2142465
114.563 2143001
114.563 2143537
114.563 2144073
114.563 2144609
114.563 2145145
114.563 2145681
114.563 2146217
114.563 2146753
114.563 2147289
114.563 2147825
114.563 2148361
114.563 2148897
114.563 2149433
114.563 2149969
114.563 2150505
114.563 2151041
114.563 2151577
114.563 2152113
114.563 2152649
114.563 2153185
114.563 2153721
114.563 2154257
114.563 2154793
114.563 2155329
114.563 2155865
114.563 2156401
114.563 2156937
114.563 2157473
114.563 2158009
114.563 2158545
114.563 2159081
114.563 2159617
114.563 2160153
114.563 2160689
114.563 2161225
114.563 2161761
114.563 2162297
114.563 2162833
114.563 2163369
114.563 2163905
114.563 2164441
114.563 2164977
114.563 2165513
114.563 2166049
114.563 2166585
114.563 2167121
114.563 2167657
114.563 2168193
114.563 2168729
114.563 2169265
114.563 2169801
114.563 2170337
114.563 2170873
114.882 2171409
114.894 2171945
114.905 2172481
114.988 2173017
115 2173553
115.035 2174089
115.047 2174625
115.059 2175161
115.071 2175697
115.106 2176233
115.118 2176769
115.153 2177305
115.165 2177841
115.212 2178377
115.248 2178913
115.259 2179449
115.271 2179985
115.307 2180521
115.318 2181057
115.354 2181593
115.389 2182129
115.401 2182665
115.413 2183201
115.425 2183737
115.436 2184273
115.448 2184809
115.46 2185345
115.472 2185881
115.484 2186417
115.802 2186953
115.814 2187489
115.897 2188025
115.908 2188561
115.944 2189097
115.956 2189633
115.967 2190169
115.979 2190705
116.015 2191241
116.026 2191777
116.062 2192313
116.074 2192849
116.109 2193385
116.121 2193921
116.156 2194457
116.168 2194993
116.203 2195529
116.215 2196065
116.251 2196601
116.262 2197137
116.298 2197673
116.31 2198209
116.321 2198745
116.333 2199281
116.345 2199817
116.357 2200353
116.369 2200889
116.38 2201425
116.581 2201961
116.711 2202497
116.723 2203033
116.805 2203569
116.817 2204105
116.852 2204641
116.864 2205177
116.876 2205713
116.888 2206249
116.923 2206785
116.935 2207321
116.97 2207857
116.982 2208393
117.018 2208929
117.029 2209465
117.065 2210001
117.077 2210537
117.112 2211073
117.124 2211609
117.159 2212145
117.171 2212681
117.206 2213217
117.218 2213753
117.23 2214289
117.242 2214825
117.254 2215361
117.265 2215897
117.277 2216433
117.289 2216969
117.619 2217505
117.631 2218041
117.714 2218577
117.726 2219113
117.737 2219649
117.773 2220185
117.785 2220721
117.796 2221257
117.808 2221793
117.844 2222329
117.855 2222865
117.891 2223401
117.903 2223937
117.938 2224473
117.95 2225009
117.985 2225545
117.997 2226081
118.032 2226617
118.044 2227153
118.08 2227689
118.091 2228225
118.127 2228761
118.139 2229297
118.15 2229833
118.162 2230369
118.174 2230905
118.186 2231441
118.198 2231977
118.209 2232513
118.41 2233049
118.563 2233585
118.575 2234121
118.658 2234657
118.67 2235193
118.705 2235729
118.717 2236265
118.729 2236801
118.74 2237337
118.776 2237873
118.788 2238409
118.823 2238945
118.835 2239481
118.87 2240017
118.882 2240553
118.917 2241089
118.929 2241625
118.965 2242161
118.976 2242697
119.012 2243233
119.024 2243769
119.059 2244305
119.071 2244841
119.083 2245377
119.094 2245913
119.106 2246449
119.118 2246985
119.13 2247521
119.142 2248057
119.354 2248593
119.507 2249129
119.519 2249665
119.602 2250201
119.614 2250737
119.649 2251273
119.661 2251809
119.673 2252345
119.684 2252881
119.696 2253417
119.732 2253953
119.743 2254489
119.779 2255025
119.791 2255561
119.826 2256097
119.838 2256633
119.873 2257169
119.885 2257705
119.92 2258241
119.932 2258777
119.968 2259313
119.979 2259849
120.015 2260385
120.027 2260921
120.038 2261457
120.05 2261993
120.062 2262529
120.074 2263065
120.086 2263601
120.097 2264137
120.298 2264673
120.451 2265209
120.463 2265745
120.546 2266281
120.558 2266817
120.593 2267353
120.605 2267889
120.617 2268425
120.628 2268961
120.64 2269497
120.652 2270033
120.687 2270569
120.699 2271105
120.735 2271641
120.746 2272177
120.782 2272713
120.794 2273249
120.829 2273785
120.841 2274321
120.876 2274857
120.888 2275393
120.923 2275929
120.935 2276465
120.971 2277001
120.982 2277537
120.994 2278073
121.006 2278609
121.018 2279145
121.03 2279681
121.041 2280217
121.053 2280753
121.407 2281289
121.419 2281825
121.502 2282361
121.513 2282897
121.549 2283433
121.561 2283969
121.572 2284505
121.584 2285041
121.596 2285577
121.608 2286113
121.643 2286649
121.655 2287185
121.667 2287721
121.702 2288257
121.714 2288793
121.749 2289329
121.761 2289865
121.797 2290401
121.808 2290937
121.844 2291473
121.856 2292009
121.891 2292545
121.903 2293081
121.938 2293617
121.95 2294153
121.962 2294689
121.974 2295225
121.985 2295761
121.997 2296297
122.009 2296833
122.021 2297369
122.221 2297905
122.398 2298441
122.41 2298977
122.493 2299513
122.505 2300049
122.54 2300585
122.552 2301121
122.564 2301657
122.575 2302193
122.587 2302729
122.599 2303265
122.634 2303801
122.646 2304337
122.682 2304873
122.693 2305409
122.729 2305945
122.741 2306481
122.776 2307017
122.788 2307553
122.823 2308089
122.835 2308625
122.87 2309161
122.882 2309697
122.918 2310233
122.929 2310769
122.941 2311305
122.953 2311841
122.965 2312377
122.977 2312913
122.988 2313449
123 2313985
123.201 2314521
123.39 2315057
123.401 2315593
123.484 2316129
123.496 2316665
123.531 2317201
123.543 2317737
123.555 2318273
123.567 2318809
123.578 2319345
123.59 2319881
123.626 2320417
123.637 2320953
123.673 2321489
123.685 2322025
123.696 2322561
123.732 2323097
123.744 2323633
123.779 2324169
123.791 2324705
123.826 2325241
123.838 2325777
123.873 2326313
123.885 2326849
123.921 2327385
123.932 2327921
123.944 2328457
123.956 2328993
123.968 2329529
123.98 2330065
123.991 2330601
124.003 2331137
124.204 2331673
124.381 2332209
124.393 2332745
124.475 2333281
124.487 2333817
124.522 2334353
124.534 2334889
124.546 2335425
124.558 2335961
124.57 2336497
124.581 2337033
124.617 2337569
124.629 2338105
124.664 2338641
124.676 2339177
124.688 2339713
124.699 2340249
124.735 2340785
124.747 2341321
124.782 2341857
124.794 2342393
124.829 2342929
124.841 2343465
124.876 2344001
124.888 2344537
124.924 2345073
124.935 2345609
124.947 2346145
124.959 2346681
124.971 2347217
124.983 2347753
124.994 2348289
125.006 2348825
125.372 2349361
125.384 2349897
125.478 2350433
125.49 2350969
125.525 2351505
125.537 2352041
125.549 2352577
125.561 2353113
125.573 2353649
125.584 2354185
125.62 2354721
125.632 2355257
125.667 2355793
125.679 2356329
125.691 2356865
125.702 2357401
125.738 2357937
125.75 2358473
125.785 2359009
125.797 2359545
125.809 2360081
125.844 2360617
125.856 2361153
125.891 2361689
125.903 2362225
125.938 2362761
125.95 2363297
125.962 2363833
125.974 2364369
125.986 2364905
125.997 2365441
126.009 2365977
126.021 2366513
126.222 2367049
126.399 2367585
126.41 2368121
126.517 2368657
126.528 2369193
126.564 2369729
126.576 2370265
126.587 2370801
126.599 2371337
126.611 2371873
126.623 2372409
126.658 2372945
126.67 2373481
126.705 2374017
126.717 2374553
126.729 2375089
126.741 2375625
126.776 2376161
126.788 2376697
126.823 2377233
126.835 2377769
126.871 2378305
126.882 2378841
126.918 2379377
126.93 2379913
126.965 2380449
126.977 2380985
126.989 2381521
127 2382057
127.012 2382593
127.024 2383129
127.036 2383665
127.048 2384201
127.248 2384737
127.425 2385273
127.437 2385809
127.543 2386345
127.555 2386881
127.59 2387417
127.602 2387953
127.614 2388489
127.626 2389025
127.638 2389561
127.649 2390097
127.685 2390633
127.697 2391169
127.732 2391705
127.744 2392241
127.756 2392777
127.767 2393313
127.815 2393849
127.826 2394385
127.862 2394921
127.874 2395457
127.909 2395993
127.921 2396529
127.933 2397065
127.968 2397601
127.98 2398137
128.015 2398673
128.027 2399209
128.039 2399745
128.051 2400281
128.062 2400817
128.074 2401353
128.086 2401889
128.098 2402425
128.298 2402961
128.475 2403497
128.487 2404033
128.593 2404569
128.605 2405105
128.641 2405641
128.652 2406177
128.664 2406713
128.676 2407249
128.688 2407785
128.7 2408321
128.735 2408857
128.747 2409393
128.782 2409929
128.794 2410465
128.806 2411001
128.818 2411537
128.853 2412073
128.865 2412609
128.9 2413145
128.912 2413681
128.947 2414217
128.959 2414753
128.971 2415289
128.983 2415825
129.018 2416361
129.03 2416897
129.065 2417433
129.077 2417969
129.089 2418505
129.101 2419041
129.113 2419577
129.124 2420113
129.136 2420649
129.148 2421185
129.514 2421721
129.526 2422257
129.632 2422793
129.644 2423329
129.679 2423865
129.691 2424401
129.703 2424937
129.714 2425473
129.726 2426009
129.738 2426545
129.773 2427081
129.785 2427617
129.821 2428153
129.832 2428689
129.844 2429225
129.856 2429761
129.891 2430297
129.903 2430833
129.939 2431369
129.95 2431905
129.986 2432441
129.998 2432977
130.009 2433513
130.021 2434049
130.057 2434585
130.068 2435121
130.104 2435657
130.116 2436193
130.127 2436729
130.139 2437265
130.151 2437801
130.163 2438337
130.175 2438873
130.186 2439409
130.198 2439945
130.411 2440481
130.588 2441017
130.599 2441553
130.706 2442089
130.717 2442625
130.753 2443161
130.765 2443697
130.776 2444233
130.788 2444769
130.8 2445305
130.812 2445841
130.847 2446377
130.859 2446913
130.894 2447449
130.906 2447985
130.918 2448521
130.93 2449057
130.965 2449593
130.977 2450129
131.012 2450665
131.024 2451201
131.06 2451737
131.071 2452273
131.083 2452809
131.095 2453345
131.13 2453881
131.142 2454417
131.178 2454953
131.189 2455489
131.201 2456025
131.213 2456561
131.225 2457097
131.237 2457633
131.248 2458169
131.26 2458705
131.461 2459241
131.661 2459777
131.673 2460313
131.779 2460849
131.791 2461385
131.827 2461921
131.838 2462457
131.85 2462993
131.862 2463529
131.874 2464065
131.886 2464601
131.921 2465137
131.933 2465673
131.968 2466209
131.98 2466745
131.992 2467281
132.004 2467817
132.039 2468353
132.051 2468889
132.086 2469425
132.098 2469961
132.133 2470497
132.145 2471033
132.157 2471569
132.169 2472105
132.204 2472641
132.216 2473177
132.251 2473713
132.263 2474249
132.275 2474785
132.287 2475321
132.299 2475857
132.31 2476393
132.322 2476929
132.334 2477465
132.346 2478001
132.558 2478537
132.759 2479073
132.771 2479609
132.782 2480145
132.889 2480681
132.9 2481217
132.936 2481753
132.948 2482289
132.959 2482825
132.971 2483361
132.983 2483897
132.995 2484433
133.03 2484969
133.042 2485505
133.077 2486041
133.089 2486577
133.101 2487113
133.113 2487649
133.148 2488185
133.16 2488721
133.195 2489257
133.207 2489793
133.243 2490329
133.254 2490865
133.266 2491401
133.278 2491937
133.313 2492473
133.325 2493009
133.361 2493545
133.372 2494081
133.384 2494617
133.396 2495153
133.408 2495689
133.42 2496225
133.431 2496761
133.443 2497297
133.644 2497833
133.844 2498369
133.856 2498905
133.868 2499441
133.974 2499977
133.986 2500513
134.021 2501049
134.033 2501585
134.045 2502121
134.057 2502657
134.069 2503193
134.08 2503729
134.116 2504265
134.128 2504801
134.163 2505337
134.175 2505873
134.187 2506409
134.198 2506945
134.234 2507481
134.246 2508017
134.281 2508553
134.293 2509089
134.328 2509625
134.34 2510161
134.352 2510697
134.364 2511233
134.399 2511769
134.411 2512305
134.446 2512841
134.458 2513377
134.47 2513913
134.482 2514449
134.493 2514985
134.505 2515521
134.517 2516057
134.529 2516593
134.541 2517129
134.741 2517665
134.954 2518201
134.965 2518737
134.977 2519273
135.083 2519809
135.095 2520345
135.131 2520881
135.142 2521417
135.154 2521953
135.166 2522489
135.178 2523025
135.19 2523561
135.225 2524097
135.237 2524633
135.272 2525169
135.284 2525705
135.296 2526241
135.308 2526777
135.343 2527313
135.355 2527849
135.39 2528385
135.402 2528921
135.437 2529457
135.449 2529993
135.461 2530529
135.473 2531065
135.508 2531601
135.52 2532137
135.555 2532673
135.567 2533209
135.579 2533745
135.591 2534281
135.603 2534817
135.614 2535353
135.626 2535889
135.638 2536425
135.65 2536961
135.662 2537497
136.051 2538033
136.086 2538569
136.098 2539105
136.204 2539641
136.216 2540177
136.252 2540713
136.263 2541249
136.275 2541785
136.287 2542321
136.299 2542857
136.311 2543393
136.346 2543929
136.358 2544465
136.393 2545001
136.405 2545537
136.417 2546073
136.429 2546609
136.464 2547145
136.476 2547681
136.511 2548217
136.523 2548753
136.558 2549289
136.57 2549825
136.582 2550361
136.594 2550897
136.629 2551433
136.641 2551969
136.676 2552505
136.688 2553041
136.7 2553577
136.712 2554113
136.724 2554649
136.735 2555185
136.747 2555721
136.759 2556257
136.771 2556793
136.783 2557329
136.983 2557865
136.995 2558401
137.231 2558937
137.243 2559473
137.349 2560009
137.361 2560545
137.396 2561081
137.408 2561617
137.42 2562153
137.432 2562689
137.443 2563225
137.455 2563761
137.491 2564297
137.502 2564833
137.538 2565369
137.55 2565905
137.561 2566441
137.573 2566977
137.609 2567513
137.62 2568049
137.656 2568585
137.668 2569121
137.703 2569657
137.715 2570193
137.727 2570729
137.738 2571265
137.774 2571801
137.786 2572337
137.821 2572873
137.833 2573409
137.845 2573945
137.856 2574481
137.868 2575017
137.88 2575553
137.892 2576089
137.904 2576625
137.915 2577161
137.927 2577697
138.128 2578233
138.14 2578769
138.151 2579305
138.376 2579841
138.387 2580377
138.494 2580913
138.505 2581449
138.541 2581985
138.553 2582521
138.564 2583057
138.576 2583593
138.588 2584129
138.6 2584665
138.635 2585201
138.647 2585737
138.682 2586273
138.694 2586809
138.706 2587345
138.718 2587881
138.753 2588417
138.765 2588953
138.8 2589489
138.812 2590025
138.848 2590561
138.859 2591097
138.871 2591633
138.883 2592169
138.918 2592705
138.93 2593241
138.966 2593777
138.977 2594313
138.989 2594849
139.001 2595385
139.013 2595921
139.025 2596457
139.036 2596993
139.048 2597529
139.06 2598065
139.072 2598601
139.272 2599137
139.284 2599673
139.485 2600209
139.532 2600745
139.544 2601281
139.556 2601817
139.662 2602353
139.674 2602889
139.709 2603425
139.721 2603961
139.733 2604497
139.744 2605033
139.756 2605569
139.768 2606105
139.803 2606641
139.815 2607177
139.851 2607713
139.862 2608249
139.874 2608785
139.886 2609321
139.921 2609857
139.933 2610393
139.969 2610929
139.98 2611465
140.016 2612001
140.028 2612537
140.039 2613073
140.051 2613609
140.087 2614145
140.098 2614681
140.134 2615217
140.146 2615753
140.157 2616289
140.169 2616825
140.181 2617361
140.193 2617897
140.205 2618433
140.216 2618969
140.228 2619505
140.24 2620041
140.441 2620577
140.452 2621113
140.7 2621649
140.712 2622185
140.724 2622721
140.736 2623257
140.842 2623793
140.854 2624329
140.889 2624865
140.901 2625401
140.913 2625937
140.924 2626473
140.936 2627009
140.948 2627545
140.983 2628081
140.995 2628617
141.031 2629153
141.042 2629689
141.054 2630225
141.066 2630761
141.101 2631297
141.113 2631833
141.149 2632369
141.16 2632905
141.196 2633441
141.208 2633977
141.219 2634513
141.231 2635049
141.267 2635585
141.278 2636121
141.314 2636657
141.326 2637193
141.337 2637729
141.349 2638265
141.361 2638801
141.373 2639337
141.385 2639873
141.396 2640409
141.408 2640945
141.42 2641481
141.621 2642017
141.632 2642553
141.88 2643089
141.892 2643625
141.904 2644161
141.916 2644697
142.022 2645233
142.034 2645769
142.045 2646305
142.081 2646841
142.093 2647377
142.104 2647913
142.116 2648449
142.128 2648985
142.14 2649521
142.175 2650057
142.187 2650593
142.234 2651129
142.246 2651665
142.258 2652201
142.27 2652737
142.305 2653273
142.317 2653809
142.352 2654345
142.364 2654881
142.399 2655417
142.411 2655953
142.423 2656489
142.435 2657025
142.47 2657561
142.482 2658097
142.517 2658633
142.529 2659169
142.541 2659705
142.553 2660241
142.565 2660777
142.576 2661313
142.588 2661849
142.6 2662385
142.612 2662921
142.624 2663457
142.824 2663993
142.836 2664529
143.084 2665065
143.096 2665601
143.107 2666137
143.119 2666673
143.225 2667209
143.237 2667745
143.273 2668281
143.284 2668817
143.296 2669353
143.308 2669889
143.32 2670425
143.332 2670961
143.367 2671497
143.379 2672033
143.414 2672569
143.426 2673105
143.438 2673641
143.45 2674177
143.485 2674713
143.497 2675249
143.532 2675785
143.544 2676321
143.579 2676857
143.591 2677393
143.603 2677929
143.615 2678465
143.65 2679001
143.662 2679537
143.697 2680073
143.709 2680609
143.721 2681145
143.733 2681681
143.745 2682217
143.756 2682753
143.768 2683289
143.78 2683825
143.792 2684361
143.804 2684897
144.004 2685433
144.016 2685969
144.028 2686505
144.276 2687041
144.287 2687577
144.299 2688113
144.311 2688649
144.417 2689185
144.429 2689721
144.464 2690257
144.476 2690793
144.488 2691329
144.5 2691865
144.512 2692401
144.523 2692937
144.535 2693473
144.571 2694009
144.582 2694545
144.618 2695081
144.63 2695617
144.641 2696153
144.653 2696689
144.689 2697225
144.7 2697761
144.736 2698297
144.748 2698833
144.783 2699369
144.795 2699905
144.807 2700441
144.818 2700977
144.854 2701513
144.866 2702049
144.901 2702585
144.913 2703121
144.925 2703657
144.936 2704193
144.948 2704729
144.96 2705265
144.972 2705801
144.984 2706337
144.995 2706873
145.007 2707409
145.22 2707945
145.231 2708481
145.432 2709017
145.491 2709553
145.503 2710089
145.515 2710625
145.526 2711161
145.633 2711697
145.644 2712233
145.68 2712769
145.692 2713305
145.703 2713841
145.715 2714377
145.727 2714913
145.739 2715449
145.774 2715985
145.786 2716521
145.821 2717057
145.833 2717593
145.845 2718129
145.857 2718665
145.892 2719201
145.904 2719737
145.939 2720273
145.951 2720809
145.987 2721345
145.998 2721881
146.01 2722417
146.022 2722953
146.057 2723489
146.069 2724025
146.105 2724561
146.116 2725097
146.128 2725633
146.14 2726169
146.152 2726705
146.164 2727241
146.175 2727777
146.187 2728313
146.199 2728849
146.211 2729385
146.411 2729921
146.447 2730457
146.459 2730993
146.706 2731529
146.718 2732065
146.73 2732601
146.742 2733137
146.848 2733673
146.86 2734209
146.895 2734745
146.907 2735281
146.919 2735817
146.931 2736353
146.942 2736889
146.954 2737425
146.99 2737961
147.001 2738497
147.037 2739033
147.049 2739569
147.06 2740105
147.072 2740641
147.084 2741177
147.119 2741713
147.131 2742249
147.167 2742785
147.178 2743321
147.214 2743857
147.226 2744393
147.237 2744929
147.249 2745465
147.285 2746001
147.296 2746537
147.332 2747073
147.344 2747609
147.355 2748145
147.367 2748681
147.379 2749217
147.391 2749753
147.403 2750289
147.414 2750825
147.426 2751361
147.438 2751897
147.65 2752433
147.686 2752969
147.698 2753505
147.886 2754041
147.945 2754577
147.957 2755113
147.969 2755649
148.004 2756185
148.087 2756721
148.099 2757257
148.134 2757793
148.158 2758329
148.17 2758865
148.181 2759401
148.193 2759937
148.229 2760473
148.24 2761009
148.276 2761545
148.288 2762081
148.299 2762617
148.311 2763153
148.323 2763689
148.358 2764225
148.37 2764761
148.394 2765297
148.406 2765833
148.453 2766369
148.465 2766905
148.476 2767441
148.488 2767977
148.524 2768513
148.535 2769049
148.571 2769585
148.583 2770121
148.594 2770657
148.606 2771193
148.618 2771729
148.63 2772265
148.642 2772801
148.653 2773337
148.665 2773873
148.677 2774409
148.866 2774945
148.913 2775481
148.925 2776017
149.114 2776553
149.125 2777089
149.184 2777625
149.196 2778161
149.232 2778697
149.267 2779233
149.326 2779769
149.338 2780305
149.385 2780841
149.397 2781377
149.409 2781913
149.42 2782449
149.456 2782985
149.468 2783521
149.503 2784057
149.515 2784593
149.527 2785129
149.538 2785665
149.55 2786201
149.586 2786737
149.597 2787273
149.633 2787809
149.645 2788345
149.68 2788881
149.692 2789417
149.704 2789953
149.715 2790489
149.751 2791025
149.763 2791561
149.798 2792097
149.81 2792633
149.822 2793169
149.833 2793705
149.845 2794241
149.857 2794777
149.869 2795313
149.881 2795849
149.892 2796385
149.904 2796921
149.951 2797457
149.999 2797993
